0000000000000000000000000000000000000001
0000000000000000000000001110100000000001
0000000000000000000000000000000000000001
0000000000001000000000001110100000000001
0000000000000000000000000000000000000001
0000000000010000000000001110100000000001
0000000000000000000000000000000000000001
0000000000011000000000001110100000000001
0000000000000000000000000000000000000001
0000000000100000000000001110100000000001
0000000000000000000000000000000000000001
0000000000101000000000001110100000000001
1111111111110010000000000010000000000001
0000000001101000000000001110001000000001
0000000000000001000010000010000000000001
0000000001000000000000001110001000000001
0000000000001001000010000010000000000001
0000000001010000000000001110001000000001
0000000000100001000010000010000000000001
0000000001001000000000001110001000000001
0000000000101001000010000010000000000001
0000000001011000000000001110001000000001
1111111111101001000010000010000000000001
0000000011000000000000001110001000000001
0000000001100001000010000010000000000001
0000000001101001000010000010001001001001
1111111111110001000010000010000000100110
0000000011000000000000001110001000000001
0000000010000001000010000010000000000001
1111111111110001000100110010001001001001
0000000001100001000010000010000000000001
0000000010100001000010000010000000100101
0000000010101000000000001110001000000001
0000000010010001000010000010000000000001
1111111111110001000100110010001001001001
0000000001100001000010000010000000000001
0000000010110001000010000010000000100101
0000000010111000000000001110001000000001
0000000011001001000010000010000000000001
0000000000000000000000000000000000000001
0000000011011000000000001111000000000001
0000000011011001000010000010000000000001
1111111111110001000100110010001001001001
0000000011000001000010000010000000000001
1111111111101001000010000010000000100101
0000000011000000000000001110001000000001
0000000001100001000010000010000000000001
0000000001101000000000001110001000100101
0000000001110001000010000010000000000001
0000000010000001000010000010001001000001
0000000011010000000000001110001000000001
0000000010000001000010000010000000000001
0000000011010001000101000010001000000001
0000000010001000000000001110001000000001
0000000010101000000000001100000000000001
0000000000000111111111111010000000000001
0000000010001000000000001100000000000001
0000000001000111111111110010000010000001
0000000000110000000000001110001000000001
0000000001010111111111110100000010000001
0000000000111000000000001110010000000001
1111111111110001000010000010000000000001
1111111111110111111111110010001001000001
0000000010011000000000001110001000000001
0000000010111000000000001100000000000001
0000000000000111111111111010000000000001
0000000010011000000000001100000000000001
0000000001000111111111110010000010000001
0000000000110001000010000010001000000001
0000000000110000000000001110001000000001
0000000001010111111111110100000010000001
0000000000111001000010000100010000000001
0000000000111000000000001110010000000001
0000000001110001000010000010000000000001
0000000011000001000010000010001001000001
0000000000000000000000000000000000000001
0000000001111000000000001111000000000001
0000000000000000000000000000000000000001
1111111111110010000000010010000000000001
0000000011110001000010000010001001000001
0000000100010000000000001110001000000001
0000000100000001000010000010000000000001
0000000011110001000010000011010000000001
0000000100010010000000100010001000000001
0000000011111000000000001110001000000001
0000000011111000000000001100000000000001
0000000100001000000000001111001000000001
0000000000110111111111110010000000000001
0000000011100000000000001110001000000001
0000000000111111111111110010000000000001
0000000011101000000000001110001000000001
0000000011100010000000110010000000000001
0000000011101010000000110010001000000001
0000000000000000000000000000000000000001
0000000100011000000000001110001000000001
0000000100011010000001000010000000000001
0000000100100000000000001110001000000001
0000000100100010000001010010000000000001
0000000000000000000000000000000000000001
0000000101010000000000001110001000000001
0000000101111010000010010010000000000001
0000000101110010000010110010001000000001
0000000101100010000010010011010000000001
0000000101011010000010110010001000000001
0000000101010010000001110010001000000001
0000000101001010000010000010001000000001
0000000101000010000010100010001000000001
0000000000000000000000000000000000000001
0000000101101000000000001110001000000001
0000000110000000000000001111001000000001
0000000110101010000011100010000000000001
0000000110100010000100000010001000000001
0000000110010010000011100011010000000001
0000000110001010000100000010001000000001
0000000101101010000011000010001000000001
0000000101100010000011010010001000000001
0000000101011010000011110010001000000001
0000000000000000000000000000000000000001
0000000110011000000000001110001000000001
0000000100101000000000001110001000000001
0000000110110000000000001111001000000001
0000000100100001000010000010000000000001
0000000000000000000000000000000000000001
0000000111001000000000001110001000000001
0000000111110010000100110010000000000001
0000000111101010000101010010001000000001
0000000111011010000100110011010000000001
0000000111010010000101010010001000000001
0000000111001010000100010010001000000001
0000000111000010000100100010001000000001
0000000110111010000101000010001000000001
0000000000000000000000000000000000000001
0000000111100000000000001110001000000001
0000000111111000000000001111001000000001
0000001000100010000110000010000000000001
0000001000011010000110100010001000000001
0000001000001010000110000011010000000001
0000001000000010000110100010001000000001
0000000111100010000101100010001000000001
0000000111011010000101110010001000000001
0000000111010010000110010010001000000001
0000000000000000000000000000000000000001
0000001000010000000000001110001000000001
0000001000101000000000001111001000000001
0000001001010010000111010010000000000001
0000001001001010000111110010001000000001
0000001000111010000111010011010000000001
0000001000110010000111110010001000000001
0000001000010010000110110010001000000001
0000001000001010000111000010001000000001
0000001000000010000111100010001000000001
0000000000000000000000000000000000000001
0000001001000000000000001110001000000001
0000001001011000000000001111001000000001
0000001010000010001000100010000000000001
0000001001111010001001000010001000000001
0000001001101010001000100011010000000001
0000001001100010001001000010001000000001
0000001001000010001000000010001000000001
0000001000111010001000010010001000000001
0000001000110010001000110010001000000001
0000000000000000000000000000000000000001
0000001001110000000000001110001000000001
0000000100110000000000001110001000000001
0000001010001000000000001111001000000001
0000000100100010000001100010000000000001
0000000000000000000000000000000000000001
0000001010100000000000001110001000000001
0000001011001010001001110010000000000001
0000001011000010001010010010001000000001
0000001010110010001001110011010000000001
0000001010101010001010010010001000000001
0000001010100010001001010010001000000001
0000001010011010001001100010001000000001
0000001010010010001010000010001000000001
0000000000000000000000000000000000000001
0000001010111000000000001110001000000001
0000001011010000000000001111001000000001
0000001011111010001011000010000000000001
0000001011110010001011100010001000000001
0000001011100010001011000011010000000001
0000001011011010001011100010001000000001
0000001010111010001010100010001000000001
0000001010110010001010110010001000000001
0000001010101010001011010010001000000001
0000000000000000000000000000000000000001
0000001011101000000000001110001000000001
0000000100111000000000001110001000000001
0000001100000000000000001111001000000001
0000000100101001000010000010000000000001
0000010100001000000000001110001000000001
0000001100001010011011110010000000000001
0000001100010010011011100010001000000001
0000001100011010011011010010001000000001
0000001100100010011011000010001000000001
0000001100101010011010110010001000000001
0000001100110010011010100010001000000001
0000001100111010011010010010001000000001
0000001101000010011010000010001000000001
0000001101001010011001110010001000000001
0000001101010010011001100010001000000001
0000001101011010011001010010001000000001
0000001101100010011001000010001000000001
0000001101101010011000110010001000000001
0000001101110010011000100010001000000001
0000001101111010011000010010001000000001
0000001110000010011000000010001000000001
0000001110001010010111110010001000000001
0000001110010010010111100010001000000001
0000001110011010010111010010001000000001
0000001110100010010111000010001000000001
0000001110101010010110110010001000000001
0000001110110010010110100010001000000001
0000001110111010010110010010001000000001
0000001111000010010110000010001000000001
0000001111001010010101110010001000000001
0000001111010010010101100010001000000001
0000001111011010010101010010001000000001
0000001111100010010101000010001000000001
0000001111101010010100110010001000000001
0000001111110010010100100010001000000001
0000001111111010010100010010001000000001
0000010000000010010100000010001000000001
0000010000001010010011110010001000000001
0000010000010010010011100010001000000001
0000010000011010010011010010001000000001
0000010000100010010011000010001000000001
0000010000101010010010110010001000000001
0000010000110010010010100010001000000001
0000010000111010010010010010001000000001
0000010001000010010010000010001000000001
0000010001001010010001110010001000000001
0000010001010010010001100010001000000001
0000010001011010010001010010001000000001
0000010001100010010001000010001000000001
0000010001101010010000110010001000000001
0000010001110010010000100010001000000001
0000010001111010010000010010001000000001
0000010010000010010000000010001000000001
0000010010001010001111110010001000000001
0000010010010010001111100010001000000001
0000010010011010001111010010001000000001
0000010010100010001111000010001000000001
0000010010101010001110110010001000000001
0000010010110010001110100010001000000001
0000010010111010001110010010001000000001
0000010011000010001110000010001000000001
0000010011001010001101110010001000000001
0000010011010010001101100010001000000001
0000010011011010001101010010001000000001
0000010011100010001101000010001000000001
0000010011101010001100110010001000000001
0000010011110010001100100010001000000001
0000010011111010001100010010001000000001
0000010100000010001100000010001000000001
0000010100001010001011110010001000000001
0000010100010000000000001110001000000001
1111111111110010011100000010000000000001
0000010100100001000010000010001001000001
0000010101000000000000001110001000000001
0000010100110001000010000010000000000001
0000010100100001000010000011010000000001
0000010101000010011100010010001000000001
0000010100101000000000001110001000000001
0000010100101000000000001100000000000001
0000010100111000000000001111001000000001
0000000000000000000000000000000000000001
0000000100110111111111110010000000000001
0000010100011000000000001110001000000001
0000000000000000000000000000000000000001
1111111111110010011100100010000000000001
0000010101010001000010000010001001000001
0000010101110000000000001110001000000001
0000010101100001000010000010000000000001
0000010101010001000010000011010000000001
0000010101110010011100110010001000000001
0000010101011000000000001110001000000001
0000010101011000000000001100000000000001
0000010101101000000000001111001000000001
0000000000000000000000000000000000000001
0000000100111111111111110010000000000001
0000010101001000000000001110001000000001
0000000000000000000000000000000000000001
1111111111110010011101000010000000000001
0000010110000001000010000010001001000001
0000010110100000000000001110001000000001
0000010110010001000010000010000000000001
0000010110000001000010000011010000000001
0000010110100010011101010010001000000001
0000010110001000000000001110001000000001
0000010110001000000000001100000000000001
0000010110011000000000001111001000000001
0000000000000000000000000000000000000001
0000010100010111111111110010000000000001
0000010101111000000000001110001000000001
0000000000000000000000000000000000000001
0000010100011001000010000010000000000001
0000011110101000000000001110001000000001
0000010110101010101101100010000000000001
0000010110110010101101010010001000000001
0000010110111010101101000010001000000001
0000010111000010101100110010001000000001
0000010111001010101100100010001000000001
0000010111010010101100010010001000000001
0000010111011010101100000010001000000001
0000010111100010101011110010001000000001
0000010111101010101011100010001000000001
0000010111110010101011010010001000000001
0000010111111010101011000010001000000001
0000011000000010101010110010001000000001
0000011000001010101010100010001000000001
0000011000010010101010010010001000000001
0000011000011010101010000010001000000001
0000011000100010101001110010001000000001
0000011000101010101001100010001000000001
0000011000110010101001010010001000000001
0000011000111010101001000010001000000001
0000011001000010101000110010001000000001
0000011001001010101000100010001000000001
0000011001010010101000010010001000000001
0000011001011010101000000010001000000001
0000011001100010100111110010001000000001
0000011001101010100111100010001000000001
0000011001110010100111010010001000000001
0000011001111010100111000010001000000001
0000011010000010100110110010001000000001
0000011010001010100110100010001000000001
0000011010010010100110010010001000000001
0000011010011010100110000010001000000001
0000011010100010100101110010001000000001
0000011010101010100101100010001000000001
0000011010110010100101010010001000000001
0000011010111010100101000010001000000001
0000011011000010100100110010001000000001
0000011011001010100100100010001000000001
0000011011010010100100010010001000000001
0000011011011010100100000010001000000001
0000011011100010100011110010001000000001
0000011011101010100011100010001000000001
0000011011110010100011010010001000000001
0000011011111010100011000010001000000001
0000011100000010100010110010001000000001
0000011100001010100010100010001000000001
0000011100010010100010010010001000000001
0000011100011010100010000010001000000001
0000011100100010100001110010001000000001
0000011100101010100001100010001000000001
0000011100110010100001010010001000000001
0000011100111010100001000010001000000001
0000011101000010100000110010001000000001
0000011101001010100000100010001000000001
0000011101010010100000010010001000000001
0000011101011010100000000010001000000001
0000011101100010011111110010001000000001
0000011101101010011111100010001000000001
0000011101110010011111010010001000000001
0000011101111010011111000010001000000001
0000011110000010011110110010001000000001
0000011110001010011110100010001000000001
0000011110010010011110010010001000000001
0000011110011010011110000010001000000001
0000011110100010011101110010001000000001
0000011110101010011101100010001000000001
0000011110110000000000001110001000000001
0000010101001001000010000010000000000001
0000101010101000000000001110001000000001
0000011110111011000101010010000000000001
0000011111000011000101000010001000000001
0000011111001011000100110010001000000001
0000011111010011000100100010001000000001
0000011111011011000100010010001000000001
0000011111100011000100000010001000000001
0000011111101011000011110010001000000001
0000011111110011000011100010001000000001
0000011111111011000011010010001000000001
0000100000000011000011000010001000000001
0000100000001011000010110010001000000001
0000100000010011000010100010001000000001
0000100000011011000010010010001000000001
0000100000100011000010000010001000000001
0000100000101011000001110010001000000001
0000100000110011000001100010001000000001
0000100000111011000001010010001000000001
0000100001000011000001000010001000000001
0000100001001011000000110010001000000001
0000100001010011000000100010001000000001
0000100001011011000000010010001000000001
0000100001100011000000000010001000000001
0000100001101010111111110010001000000001
0000100001110010111111100010001000000001
0000100001111010111111010010001000000001
0000100010000010111111000010001000000001
0000100010001010111110110010001000000001
0000100010010010111110100010001000000001
0000100010011010111110010010001000000001
0000100010100010111110000010001000000001
0000100010101010111101110010001000000001
0000100010110010111101100010001000000001
0000100010111010111101010010001000000001
0000100011000010111101000010001000000001
0000100011001010111100110010001000000001
0000100011010010111100100010001000000001
0000100011011010111100010010001000000001
0000100011100010111100000010001000000001
0000100011101010111011110010001000000001
0000100011110010111011100010001000000001
0000100011111010111011010010001000000001
0000100100000010111011000010001000000001
0000100100001010111010110010001000000001
0000100100010010111010100010001000000001
0000100100011010111010010010001000000001
0000100100100010111010000010001000000001
0000100100101010111001110010001000000001
0000100100110010111001100010001000000001
0000100100111010111001010010001000000001
0000100101000010111001000010001000000001
0000100101001010111000110010001000000001
0000100101010010111000100010001000000001
0000100101011010111000010010001000000001
0000100101100010111000000010001000000001
0000100101101010110111110010001000000001
0000100101110010110111100010001000000001
0000100101111010110111010010001000000001
0000100110000010110111000010001000000001
0000100110001010110110110010001000000001
0000100110010010110110100010001000000001
0000100110011010110110010010001000000001
0000100110100010110110000010001000000001
0000100110101010110101110010001000000001
0000100110110010110101100010001000000001
0000100110111010110101010010001000000001
0000100111000010110101000010001000000001
0000100111001010110100110010001000000001
0000100111010010110100100010001000000001
0000100111011010110100010010001000000001
0000100111100010110100000010001000000001
0000100111101010110011110010001000000001
0000100111110010110011100010001000000001
0000100111111010110011010010001000000001
0000101000000010110011000010001000000001
0000101000001010110010110010001000000001
0000101000010010110010100010001000000001
0000101000011010110010010010001000000001
0000101000100010110010000010001000000001
0000101000101010110001110010001000000001
0000101000110010110001100010001000000001
0000101000111010110001010010001000000001
0000101001000010110001000010001000000001
0000101001001010110000110010001000000001
0000101001010010110000100010001000000001
0000101001011010110000010010001000000001
0000101001100010110000000010001000000001
0000101001101010101111110010001000000001
0000101001110010101111100010001000000001
0000101001111010101111010010001000000001
0000101010000010101111000010001000000001
0000101010001010101110110010001000000001
0000101010010010101110100010001000000001
0000101010011010101110010010001000000001
0000101010100010101110000010001000000001
0000101010101010101101110010001000000001
0000101010110000000000001110001000000001
1111111111110011000101100010000000000001
0000101011000001000010000010001001000001
0000101011100000000000001110001000000001
0000101011010001000010000010000000000001
0000101011000001000010000011010000000001
0000101011100011000101110010001000000001
0000101011001000000000001110001000000001
0000101011001000000000001100000000000001
0000101011011000000000001111001000000001
0000010101111111111111110010000000000001
0000101010111000000000001110001000000001
0000011110110001000010000010000000000001
1111111110000000000000000000001000000001
0000101010110001000010000010000000000001
1111111101111000000000000000001000000001
0000101010111011000110000010000000000001
0000000000000000000000000000000000000001
0000101011101000000000001110001000000001
0000101010111011000110000010000000000001
0000000000000000000000000000000000000001
0000101011110000000000001110001000000001
0000101011110001000010000010000000000001
1111111101110000000000000000001000000001
0000101011101001000010000010000000000001
1111111101101000000000000000001000000001
0000000000000000000000000000000000000001
0000000000000000000000000000000000000001
0000000000000000000000000000000000000001
0000000000000000000000000000000000000001
0000000000000000000000000000000000000001
0000000000000000000000000000000000000001
0000000000000000000000000000000000000001
0000000000000000000000000000000000000001
0000000000000000000000000000000000000001
0000000000000000000000000000000000000001
0000000000000000000000000000000000000001
0000000000000000000000000000000000000001
0000000000000000000000000000000000000001
0000000000000000000000000000000000000001
0000000000000000000000000000000000000001
0000000000000000000000000000000000000001
0000000000000000000000000000000000000001
0000000000000000000000000000000000000001
0000000000000000000000000000000000000001
0000000000000000000000000000000000000001
0000000000000000000000000000000000000001
0000000000000000000000000000000000000001
0000000000000000000000000000000000000001
0000000000000000000000000000000000000001
0000000000000000000000000000000000000001
0000000000000000000000000000000000000001
0000000000000000000000000000000000000001
0000000000000000000000000000000000000001
0000000000000000000000000000000000000001
0000000000000000000000000000000000000001
0000000000000000000000000000000000000001
0000000000000000000000000000000000000001
0000000000000000000000000000000000000001
0000000000000000000000000000000000000001
0000000000000000000000000000000000000001
0000000000000000000000000000000000000001
0000000000000000000000000000000000000001
0000000000000000000000000000000000000001
0000000000000000000000000000000000000001
0000000000000000000000000000000000000001
0000000000000000000000000000000000000001
0000000000000000000000000000000000000001
0000000000000000000000000000000000000001
0000000000000000000000000000000000000001
0000000000000000000000000000000000000001
0000000000000000000000000000000000000001
0000000000000000000000000000000000000001
0000000000000000000000000000000000000001
0000000000000000000000000000000000000001
0000000000000000000000000000000000000001
0000000000000000000000000000000000000001
0000000000000000000000000000000000000001
0000000000000000000000000000000000000001
0000000000000000000000000000000000000001
0000000000000000000000000000000000000001
0000000000000000000000000000000000000001
0000000000000000000000000000000000000001
0000000000000000000000000000000000000001
0000000000000000000000000000000000000001
0000000000000000000000000000000000000001
0000000000000000000000000000000000000001
0000000000000000000000000000000000000001
0000000000000000000000000000000000000001
0000000000000000000000000000000000000001
0000000000000000000000000000000000000001
0000000000000000000000000000000000000001
0000000000000000000000000000000000000001
0000000000000000000000000000000000000001
0000000000000000000000000000000000000001
0000000000000000000000000000000000000001
0000000000000000000000000000000000000001
0000000000000000000000000000000000000001
0000000000000000000000000000000000000001
0000000000000000000000000000000000000001
0000000000000000000000000000000000000001
0000000000000000000000000000000000000001
0000000000000000000000000000000000000001
0000000000000000000000000000000000000001
0000000000000000000000000000000000000001
0000000000000000000000000000000000000001
0000000000000000000000000000000000000001
0000000000000000000000000000000000000001
0000000000000000000000000000000000000001
0000000000000000000000000000000000000001
0000000000000000000000000000000000000001
0000000000000000000000000000000000000001
0000000000000000000000000000000000000001
0000000000000000000000000000000000000001
0000000000000000000000000000000000000001
0000000000000000000000000000000000000001
0000000000000000000000000000000000000001
0000000000000000000000000000000000000001
0000000000000000000000000000000000000001
0000000000000000000000000000000000000001
0000000000000000000000000000000000000001
0000000000000000000000000000000000000001
0000000000000000000000000000000000000001
0000000000000000000000000000000000000001
0000000000000000000000000000000000000001
0000000000000000000000000000000000000001
0000000000000000000000000000000000000001
0000000000000000000000000000000000000001
0000000000000000000000000000000000000001
0000000000000000000000000000000000000001
0000000000000000000000000000000000000001
0000000000000000000000000000000000000001
0000000000000000000000000000000000000001
0000000000000000000000000000000000000001
0000000000000000000000000000000000000001
0000000000000000000000000000000000000001
0000000000000000000000000000000000000001
0000000000000000000000000000000000000001
0000000000000000000000000000000000000001
0000000000000000000000000000000000000001
0000000000000000000000000000000000000001
0000000000000000000000000000000000000001
0000000000000000000000000000000000000001
0000000000000000000000000000000000000001
0000000000000000000000000000000000000001
0000000000000000000000000000000000000001
0000000000000000000000000000000000000001
0000000000000000000000000000000000000001
0000000000000000000000000000000000000001
0000000000000000000000000000000000000001
0000000000000000000000000000000000000001
0000000000000000000000000000000000000001
0000000000000000000000000000000000000001
0000000000000000000000000000000000000001
0000000000000000000000000000000000000001
0000000000000000000000000000000000000001
0000000000000000000000000000000000000001
0000000000000000000000000000000000000001
0000000000000000000000000000000000000001
0000000000000000000000000000000000000001
0000000000000000000000000000000000000001
0000000000000000000000000000000000000001
0000000000000000000000000000000000000001
0000000000000000000000000000000000000001
0000000000000000000000000000000000000001
0000000000000000000000000000000000000001
0000000000000000000000000000000000000001
0000000000000000000000000000000000000001
0000000000000000000000000000000000000001
0000000000000000000000000000000000000001
0000000000000000000000000000000000000001
0000000000000000000000000000000000000001
0000000000000000000000000000000000000001
0000000000000000000000000000000000000001
0000000000000000000000000000000000000001
0000000000000000000000000000000000000001
0000000000000000000000000000000000000001
0000000000000000000000000000000000000001
0000000000000000000000000000000000000001
0000000000000000000000000000000000000001
0000000000000000000000000000000000000001
0000000000000000000000000000000000000001
0000000000000000000000000000000000000001
0000000000000000000000000000000000000001
0000000000000000000000000000000000000001
0000000000000000000000000000000000000001
0000000000000000000000000000000000000001
0000000000000000000000000000000000000001
0000000000000000000000000000000000000001
0000000000000000000000000000000000000001
0000000000000000000000000000000000000001
0000000000000000000000000000000000000001
0000000000000000000000000000000000000001
0000000000000000000000000000000000000001
0000000000000000000000000000000000000001
0000000000000000000000000000000000000001
0000000000000000000000000000000000000001
0000000000000000000000000000000000000001
0000000000000000000000000000000000000001
0000000000000000000000000000000000000001
0000000000000000000000000000000000000001
0000000000000000000000000000000000000001
0000000000000000000000000000000000000001
0000000000000000000000000000000000000001
0000000000000000000000000000000000000001
0000000000000000000000000000000000000001
0000000000000000000000000000000000000001
0000000000000000000000000000000000000001
0000000000000000000000000000000000000001
0000000000000000000000000000000000000001
0000000000000000000000000000000000000001
0000000000000000000000000000000000000001
0000000000000000000000000000000000000001
0000000000000000000000000000000000000001
0000000000000000000000000000000000000001
0000000000000000000000000000000000000001
0000000000000000000000000000000000000001
0000000000000000000000000000000000000001
0000000000000000000000000000000000000001
0000000000000000000000000000000000000001
0000000000000000000000000000000000000001
0000000000000000000000000000000000000001
0000000000000000000000000000000000000001
0000000000000000000000000000000000000001
0000000000000000000000000000000000000001
0000000000000000000000000000000000000001
0000000000000000000000000000000000000001
0000000000000000000000000000000000000001
0000000000000000000000000000000000000001
0000000000000000000000000000000000000001
0000000000000000000000000000000000000001
0000000000000000000000000000000000000001
0000000000000000000000000000000000000001
0000000000000000000000000000000000000001
0000000000000000000000000000000000000001
0000000000000000000000000000000000000001
0000000000000000000000000000000000000001
0000000000000000000000000000000000000001
0000000000000000000000000000000000000001
0000000000000000000000000000000000000001
0000000000000000000000000000000000000001
0000000000000000000000000000000000000001
0000000000000000000000000000000000000001
0000000000000000000000000000000000000001
0000000000000000000000000000000000000001
0000000000000000000000000000000000000001
0000000000000000000000000000000000000001
0000000000000000000000000000000000000001
0000000000000000000000000000000000000001
0000000000000000000000000000000000000001
0000000000000000000000000000000000000001
0000000000000000000000000000000000000001
0000000000000000000000000000000000000001
0000000000000000000000000000000000000001
0000000000000000000000000000000000000001
0000000000000000000000000000000000000001
0000000000000000000000000000000000000001
0000000000000000000000000000000000000001
0000000000000000000000000000000000000001
0000000000000000000000000000000000000001
0000000000000000000000000000000000000001
0000000000000000000000000000000000000001
0000000000000000000000000000000000000001
0000000000000000000000000000000000000001
0000000000000000000000000000000000000001
0000000000000000000000000000000000000001
0000000000000000000000000000000000000001
0000000000000000000000000000000000000001
0000000000000000000000000000000000000001
0000000000000000000000000000000000000001
0000000000000000000000000000000000000001
0000000000000000000000000000000000000001
0000000000000000000000000000000000000001
0000000000000000000000000000000000000001
0000000000000000000000000000000000000001
0000000000000000000000000000000000000001
0000000000000000000000000000000000000001
0000000000000000000000000000000000000001
0000000000000000000000000000000000000001
0000000000000000000000000000000000000001
0000000000000000000000000000000000000001
0000000000000000000000000000000000000001
0000000000000000000000000000000000000001
0000000000000000000000000000000000000001
0000000000000000000000000000000000000001
0000000000000000000000000000000000000001
0000000000000000000000000000000000000001
0000000000000000000000000000000000000001
0000000000000000000000000000000000000001
0000000000000000000000000000000000000001
0000000000000000000000000000000000000001
0000000000000000000000000000000000000001
0000000000000000000000000000000000000001
0000000000000000000000000000000000000001
0000000000000000000000000000000000000001
0000000000000000000000000000000000000001
0000000000000000000000000000000000000001
0000000000000000000000000000000000000001
0000000000000000000000000000000000000001
0000000000000000000000000000000000000001
0000000000000000000000000000000000000001
0000000000000000000000000000000000000001
0000000000000000000000000000000000000001
0000000000000000000000000000000000000001
0000000000000000000000000000000000000001
0000000000000000000000000000000000000001
0000000000000000000000000000000000000001
0000000000000000000000000000000000000001
0000000000000000000000000000000000000001
0000000000000000000000000000000000000001
0000000000000000000000000000000000000001
0000000000000000000000000000000000000001
0000000000000000000000000000000000000001
0000000000000000000000000000000000000001
0000000000000000000000000000000000000001
0000000000000000000000000000000000000001
0000000000000000000000000000000000000001
0000000000000000000000000000000000000001
0000000000000000000000000000000000000001
0000000000000000000000000000000000000001
0000000000000000000000000000000000000001
0000000000000000000000000000000000000001
0000000000000000000000000000000000000001
0000000000000000000000000000000000000001
0000000000000000000000000000000000000001
0000000000000000000000000000000000000001
0000000000000000000000000000000000000001
0000000000000000000000000000000000000001
0000000000000000000000000000000000000001
0000000000000000000000000000000000000001
0000000000000000000000000000000000000001
0000000000000000000000000000000000000001
0000000000000000000000000000000000000001
0000000000000000000000000000000000000001
0000000000000000000000000000000000000001
0000000000000000000000000000000000000001
0000000000000000000000000000000000000001
0000000000000000000000000000000000000001
0000000000000000000000000000000000000001
0000000000000000000000000000000000000001
0000000000000000000000000000000000000001
0000000000000000000000000000000000000001
0000000000000000000000000000000000000001
0000000000000000000000000000000000000001
0000000000000000000000000000000000000001
0000000000000000000000000000000000000001
0000000000000000000000000000000000000001
0000000000000000000000000000000000000001
0000000000000000000000000000000000000001
0000000000000000000000000000000000000001
0000000000000000000000000000000000000001
0000000000000000000000000000000000000001
0000000000000000000000000000000000000001
0000000000000000000000000000000000000001
0000000000000000000000000000000000000001
0000000000000000000000000000000000000001
0000000000000000000000000000000000000001
0000000000000000000000000000000000000001
0000000000000000000000000000000000000001
0000000000000000000000000000000000000001
0000000000000000000000000000000000000001
0000000000000000000000000000000000000001
0000000000000000000000000000000000000001
0000000000000000000000000000000000000001
0000000000000000000000000000000000000001
0000000000000000000000000000000000000001
0000000000000000000000000000000000000001
0000000000000000000000000000000000000001
0000000000000000000000000000000000000001
0000000000000000000000000000000000000001
0000000000000000000000000000000000000001
0000000000000000000000000000000000000001
0000000000000000000000000000000000000001
0000000000000000000000000000000000000001
0000000000000000000000000000000000000001
0000000000000000000000000000000000000001
0000000000000000000000000000000000000001
0000000000000000000000000000000000000001
0000000000000000000000000000000000000001
0000000000000000000000000000000000000001
0000000000000000000000000000000000000001
0000000000000000000000000000000000000001
0000000000000000000000000000000000000001
0000000000000000000000000000000000000001
0000000000000000000000000000000000000001
0000000000000000000000000000000000000001
0000000000000000000000000000000000000001
0000000000000000000000000000000000000001
0000000000000000000000000000000000000001
0000000000000000000000000000000000000001
0000000000000000000000000000000000000001
0000000000000000000000000000000000000001
0000000000000000000000000000000000000001
0000000000000000000000000000000000000001
0000000000000000000000000000000000000001
0000000000000000000000000000000000000001
0000000000000000000000000000000000000001
0000000000000000000000000000000000000001
0000000000000000000000000000000000000001
0000000000000000000000000000000000000001
0000000000000000000000000000000000000001
0000000000000000000000000000000000000001
0000000000000000000000000000000000000001
0000000000000000000000000000000000000001
0000000000000000000000000000000000000001
0000000000000000000000000000000000000001
0000000000000000000000000000000000000001
0000000000000000000000000000000000000001
0000000000000000000000000000000000000001
0000000000000000000000000000000000000001
0000000000000000000000000000000000000001
0000000000000000000000000000000000000001
0000000000000000000000000000000000000001
0000000000000000000000000000000000000001
0000000000000000000000000000000000000001
0000000000000000000000000000000000000001
0000000000000000000000000000000000000001
0000000000000000000000000000000000000001
0000000000000000000000000000000000000001
0000000000000000000000000000000000000001
0000000000000000000000000000000000000001
0000000000000000000000000000000000000001
0000000000000000000000000000000000000001
0000000000000000000000000000000000000001
0000000000000000000000000000000000000001
0000000000000000000000000000000000000001
0000000000000000000000000000000000000001
0000000000000000000000000000000000000001
0000000000000000000000000000000000000001
0000000000000000000000000000000000000001
0000000000000000000000000000000000000001
0000000000000000000000000000000000000001
0000000000000000000000000000000000000001
0000000000000000000000000000000000000001
0000000000000000000000000000000000000001
0000000000000000000000000000000000000001
0000000000000000000000000000000000000001
0000000000000000000000000000000000000001
0000000000000000000000000000000000000001
0000000000000000000000000000000000000001
0000000000000000000000000000000000000001
0000000000000000000000000000000000000001
0000000000000000000000000000000000000001
0000000000000000000000000000000000000001
0000000000000000000000000000000000000001
0000000000000000000000000000000000000001
0000000000000000000000000000000000000001
0000000000000000000000000000000000000001
0000000000000000000000000000000000000001
0000000000000000000000000000000000000001
0000000000000000000000000000000000000001
0000000000000000000000000000000000000001
0000000000000000000000000000000000000001
0000000000000000000000000000000000000001
0000000000000000000000000000000000000001
0000000000000000000000000000000000000001
0000000000000000000000000000000000000001
0000000000000000000000000000000000000001
0000000000000000000000000000000000000001
0000000000000000000000000000000000000001
0000000000000000000000000000000000000001
0000000000000000000000000000000000000001
0000000000000000000000000000000000000001
0000000000000000000000000000000000000001
0000000000000000000000000000000000000001
0000000000000000000000000000000000000001
0000000000000000000000000000000000000001
0000000000000000000000000000000000000001
0000000000000000000000000000000000000001
0000000000000000000000000000000000000001
0000000000000000000000000000000000000001
0000000000000000000000000000000000000001
0000000000000000000000000000000000000001
0000000000000000000000000000000000000001
0000000000000000000000000000000000000001
0000000000000000000000000000000000000001
0000000000000000000000000000000000000001
0000000000000000000000000000000000000001
0000000000000000000000000000000000000001
0000000000000000000000000000000000000001
0000000000000000000000000000000000000001
0000000000000000000000000000000000000001
0000000000000000000000000000000000000001
0000000000000000000000000000000000000001
0000000000000000000000000000000000000001
0000000000000000000000000000000000000001
0000000000000000000000000000000000000001
0000000000000000000000000000000000000001
0000000000000000000000000000000000000001
0000000000000000000000000000000000000001
0000000000000000000000000000000000000001
0000000000000000000000000000000000000001
0000000000000000000000000000000000000001
0000000000000000000000000000000000000001
0000000000000000000000000000000000000001
0000000000000000000000000000000000000001
0000000000000000000000000000000000000001
0000000000000000000000000000000000000001
0000000000000000000000000000000000000001
0000000000000000000000000000000000000001
0000000000000000000000000000000000000001
0000000000000000000000000000000000000001
0000000000000000000000000000000000000001
0000000000000000000000000000000000000001
0000000000000000000000000000000000000001
0000000000000000000000000000000000000001
0000000000000000000000000000000000000001
0000000000000000000000000000000000000001
0000000000000000000000000000000000000001
0000000000000000000000000000000000000001
0000000000000000000000000000000000000001
0000000000000000000000000000000000000001
0000000000000000000000000000000000000001
0000000000000000000000000000000000000001
0000000000000000000000000000000000000001
0000000000000000000000000000000000000001
0000000000000000000000000000000000000001
0000000000000000000000000000000000000001
0000000000000000000000000000000000000001
0000000000000000000000000000000000000001
0000000000000000000000000000000000000001
0000000000000000000000000000000000000001
0000000000000000000000000000000000000001
0000000000000000000000000000000000000001
0000000000000000000000000000000000000001
0000000000000000000000000000000000000001
0000000000000000000000000000000000000001
0000000000000000000000000000000000000001
0000000000000000000000000000000000000001
0000000000000000000000000000000000000001
0000000000000000000000000000000000000001
0000000000000000000000000000000000000001
0000000000000000000000000000000000000001
0000000000000000000000000000000000000001
0000000000000000000000000000000000000001
0000000000000000000000000000000000000001
0000000000000000000000000000000000000001
0000000000000000000000000000000000000001
0000000000000000000000000000000000000001
0000000000000000000000000000000000000001
0000000000000000000000000000000000000001
0000000000000000000000000000000000000001
0000000000000000000000000000000000000001
0000000000000000000000000000000000000001
0000000000000000000000000000000000000001
0000000000000000000000000000000000000001
0000000000000000000000000000000000000001
0000000000000000000000000000000000000001
0000000000000000000000000000000000000001
0000000000000000000000000000000000000001
0000000000000000000000000000000000000001
0000000000000000000000000000000000000001
0000000000000000000000000000000000000001
0000000000000000000000000000000000000001
0000000000000000000000000000000000000001
0000000000000000000000000000000000000001
0000000000000000000000000000000000000001
0000000000000000000000000000000000000001
0000000000000000000000000000000000000001
0000000000000000000000000000000000000001
0000000000000000000000000000000000000001
0000000000000000000000000000000000000001
0000000000000000000000000000000000000001
