0000000000000000000000000000000000000001
0000000000000000000000001110100000000001
0000000000000000000000000000000000000001
0000000000001000000000001110100000000001
0000000000000000000000000000000000000001
0000000000010000000000001110100000000001
0000000000000000000000000000000000000001
0000000000011000000000001110100000000001
0000000000000000000000000000000000000001
0000000000100000000000001110100000000001
0000000000000000000000000000000000000001
0000000000101000000000001110100000000001
1111111111110010000000000010000000000001
0000000001101000000000001110001000000001
0000000000000001000010000010000000000001
0000000001000000000000001110001000000001
0000000000001001000010000010000000000001
0000000001010000000000001110001000000001
0000000000100001000010000010000000000001
0000000001001000000000001110001000000001
0000000000101001000010000010000000000001
0000000001011000000000001110001000000001
1111111111101001000010000010000000000001
0000000011000000000000001110001000000001
0000000001100001000010000010000000000001
0000000001101001000010000010001001001001
1111111111110001000010000010000000100110
0000000011000000000000001110001000000001
0000000010000001000010000010000000000001
1111111111110001000100110010001001001001
0000000001100001000010000010000000000001
0000000010100001000010000010000000100101
0000000010101000000000001110001000000001
0000000010010001000010000010000000000001
1111111111110001000100110010001001001001
0000000001100001000010000010000000000001
0000000010110001000010000010000000100101
0000000010111000000000001110001000000001
0000000011001001000010000010000000000001
0000000000000000000000000000000000000001
0000000011011000000000001111000000000001
0000000011011001000010000010000000000001
1111111111110001000100110010001001001001
0000000011000001000010000010000000000001
1111111111101001000010000010000000100101
0000000011000000000000001110001000000001
0000000001100001000010000010000000000001
0000000001101000000000001110001000100101
0000000001110001000010000010000000000001
0000000010000001000010000010001001000001
0000000011010000000000001110001000000001
0000000010000001000010000010000000000001
0000000011010001000101000010001000000001
0000000010001000000000001110001000000001
0000000010101000000000001100000000000001
0000000000000111111111111010000000000001
0000000010001000000000001100000000000001
0000000001000111111111110010000010000001
0000000000110000000000001110001000000001
0000000001010111111111110100000010000001
0000000000111000000000001110010000000001
1111111111110001000010000010000000000001
1111111111110111111111110010001001000001
0000000010011000000000001110001000000001
0000000010111000000000001100000000000001
0000000000000111111111111010000000000001
0000000010011000000000001100000000000001
0000000001000111111111110010000010000001
0000000000110001000010000010001000000001
0000000000110000000000001110001000000001
0000000001010111111111110100000010000001
0000000000111001000010000100010000000001
0000000000111000000000001110010000000001
0000000001110001000010000010000000000001
0000000011000001000010000010001001000001
0000000000000000000000000000000000000001
0000000001111000000000001111000000000001
0000000000000000000000000000000000000001
1111111111110010000000010010000000000001
0000000011110001000010000010001001000001
0000000100010000000000001110001000000001
0000000100000001000010000010000000000001
0000000011110001000010000011010000000001
0000000100010010000000100010001000000001
0000000011111000000000001110001000000001
0000000011111000000000001100000000000001
0000000100001000000000001111001000000001
0000000000110111111111110010000000000001
0000000011100000000000001110001000000001
0000000000111111111111110010000000000001
0000000011101000000000001110001000000001
0000000011101001000010000010000000000001
0000000000000000000000000000000000000001
0000000100101000000000001110001000000001
0000000100101000000000001110001000000001
0000000100101000000000001110001000000001
0000000100101000000000001110001000000001
0000000100101000000000001110001000000001
0000000100101000000000001110001000000001
0000000100101000000000001110001000000001
0000000100101000000000001110001000000001
0000000100101000000000001110001000000001
0000000100101000000000001110001000000001
0000000100101000000000001110001000000001
0000000100101000000000001110001000000001
0000000100101000000000001110001000000001
0000000100101000000000001110001000000001
0000000100101000000000001110001000000001
0000000101001010000001010010000000000001
0000000100111010000001010011010000000001
0000000100101010000000110010001000000001
0000000100100010000001000010001000000001
0000000000000000000000000000000000000001
0000000101000000000000001110001000000001
0000000101010000000000001111001000000001
0000000101111010000010000010000000000001
0000000101110010000010100010001000000001
0000000101100010000010000011010000000001
0000000101011010000010100010001000000001
0000000101000010000001100010001000000001
0000000100111010000001110010001000000001
0000000100110010000010010010001000000001
0000000000000000000000000000000000000001
0000000101101000000000001110001000000001
0000000110000000000000001111001000000001
0000000110101010000011010010000000000001
0000000110100010000011110010001000000001
0000000110010010000011010011010000000001
0000000110001010000011110010001000000001
0000000101101010000010110010001000000001
0000000101100010000011000010001000000001
0000000101011010000011100010001000000001
0000000000000000000000000000000000000001
0000000110011000000000001110001000000001
0000000110110000000000001111001000000001
0000000111011010000100100010000000000001
0000000111010010000101000010001000000001
0000000111000010000100100011010000000001
0000000110111010000101000010001000000001
0000000110011010000100000010001000000001
0000000110010010000100010010001000000001
0000000110001010000100110010001000000001
0000000000000000000000000000000000000001
0000000111001000000000001110001000000001
0000000111100000000000001111001000000001
0000001000001010000101110010000000000001
0000001000000010000110010010001000000001
0000000111110010000101110011010000000001
0000000111101010000110010010001000000001
0000000111001010000101010010001000000001
0000000111000010000101100010001000000001
0000000110111010000110000010001000000001
0000000000000000000000000000000000000001
0000000111111000000000001110001000000001
0000001000010000000000001111001000000001
0000001000111010000111000010000000000001
0000001000110010000111100010001000000001
0000001000100010000111000011010000000001
0000001000011010000111100010001000000001
0000000111111010000110100010001000000001
0000000111110010000110110010001000000001
0000000111101010000111010010001000000001
0000000000000000000000000000000000000001
0000001000101000000000001110001000000001
0000001001000000000000001111001000000001
0000001001101010001000010010000000000001
0000001001100010001000110010001000000001
0000001001010010001000010011010000000001
0000001001001010001000110010001000000001
0000001000101010000111110010001000000001
0000001000100010001000000010001000000001
0000001000011010001000100010001000000001
0000000000000000000000000000000000000001
0000001001011000000000001110001000000001
0000001001110000000000001111001000000001
0000001010011010001001100010000000000001
0000001010010010001010000010001000000001
0000001010000010001001100011010000000001
0000001001111010001010000010001000000001
0000001001011010001001000010001000000001
0000001001010010001001010010001000000001
0000001001001010001001110010001000000001
0000000000000000000000000000000000000001
0000001010001000000000001110001000000001
0000001010100000000000001111001000000001
0000001011001010001010110010000000000001
0000001011000010001011010010001000000001
0000001010110010001010110011010000000001
0000001010101010001011010010001000000001
0000001010001010001010010010001000000001
0000001010000010001010100010001000000001
0000001001111010001011000010001000000001
0000000000000000000000000000000000000001
0000001010111000000000001110001000000001
0000001011010000000000001111001000000001
0000001011111010001100000010000000000001
0000001011110010001100100010001000000001
0000001011100010001100000011010000000001
0000001011011010001100100010001000000001
0000001010111010001011100010001000000001
0000001010110010001011110010001000000001
0000001010101010001100010010001000000001
0000000000000000000000000000000000000001
0000001011101000000000001110001000000001
0000001100000000000000001111001000000001
0000001100101010001101010010000000000001
0000001100100010001101110010001000000001
0000001100010010001101010011010000000001
0000001100001010001101110010001000000001
0000001011101010001100110010001000000001
0000001011100010001101000010001000000001
0000001011011010001101100010001000000001
0000000000000000000000000000000000000001
0000001100011000000000001110001000000001
0000001100110000000000001111001000000001
0000001101011010001110100010000000000001
0000001101010010001111000010001000000001
0000001101000010001110100011010000000001
0000001100111010001111000010001000000001
0000001100011010001110000010001000000001
0000001100010010001110010010001000000001
0000001100001010001110110010001000000001
0000000000000000000000000000000000000001
0000001101001000000000001110001000000001
0000001101100000000000001111001000000001
0000001110001010001111110010000000000001
0000001110000010010000010010001000000001
0000001101110010001111110011010000000001
0000001101101010010000010010001000000001
0000001101001010001111010010001000000001
0000001101000010001111100010001000000001
0000001100111010010000000010001000000001
0000000000000000000000000000000000000001
0000001101111000000000001110001000000001
0000001110010000000000001111001000000001
0000001110111010010001000010000000000001
0000001110110010010001100010001000000001
0000001110100010010001000011010000000001
0000001110011010010001100010001000000001
0000001101111010010000100010001000000001
0000001101110010010000110010001000000001
0000001101101010010001010010001000000001
0000000000000000000000000000000000000001
0000001110101000000000001110001000000001
0000001111000000000000001111001000000001
0000001111101010010010010010000000000001
0000001111100010010010110010001000000001
0000001111010010010010010011010000000001
0000001111001010010010110010001000000001
0000001110101010010001110010001000000001
0000001110100010010010000010001000000001
0000001110011010010010100010001000000001
0000000000000000000000000000000000000001
0000001111011000000000001110001000000001
0000001111110000000000001111001000000001
0000010000011010010011100010000000000001
0000010000010010010100000010001000000001
0000010000000010010011100011010000000001
0000001111111010010100000010001000000001
0000001111011010010011000010001000000001
0000001111010010010011010010001000000001
0000001111001010010011110010001000000001
0000000000000000000000000000000000000001
0000010000001000000000001110001000000001
0000000000000000000000000000000000000001
0000000100011000000000001110001000000001
0000010000100000000000001111001000000001
0000000100011010010100010010000000000001
0000010000101000000000001110001000000001
0000010000101010010100100010000000000001
0000000000000000000000000000000000000001
0000010001011000000000001110001000000001
0000010010000010010101100010000000000001
0000010001111010010110000010001000000001
0000010001101010010101100011010000000001
0000010001100010010110000010001000000001
0000010001011010010101000010001000000001
0000010001010010010101010010001000000001
0000010001001010010101110010001000000001
0000000000000000000000000000000000000001
0000010001110000000000001110001000000001
0000010010001000000000001111001000000001
0000010010110010010110110010000000000001
0000010010101010010111010010001000000001
0000010010011010010110110011010000000001
0000010010010010010111010010001000000001
0000010001110010010110010010001000000001
0000010001101010010110100010001000000001
0000010001100010010111000010001000000001
0000000000000000000000000000000000000001
0000010010100000000000001110001000000001
0000010000110000000000001110001000000001
0000010010111000000000001111001000000001
0000010000101001000010000010000000000001
0000000000000000000000000000000000000001
0000010011010000000000001110001000000001
0000010011111010011000000010000000000001
0000010011110010011000100010001000000001
0000010011100010011000000011010000000001
0000010011011010011000100010001000000001
0000010011010010010111100010001000000001
0000010011001010010111110010001000000001
0000010011000010011000010010001000000001
0000000000000000000000000000000000000001
0000010011101000000000001110001000000001
0000010100000000000000001111001000000001
0000010100101010011001010010000000000001
0000010100100010011001110010001000000001
0000010100010010011001010011010000000001
0000010100001010011001110010001000000001
0000010011101010011000110010001000000001
0000010011100010011001000010001000000001
0000010011011010011001100010001000000001
0000000000000000000000000000000000000001
0000010100011000000000001110001000000001
0000010100110000000000001111001000000001
0000010101011010011010100010000000000001
0000010101010010011011000010001000000001
0000010101000010011010100011010000000001
0000010100111010011011000010001000000001
0000010100011010011010000010001000000001
0000010100010010011010010010001000000001
0000010100001010011010110010001000000001
0000000000000000000000000000000000000001
0000010101001000000000001110001000000001
0000010101100000000000001111001000000001
0000010110001010011011110010000000000001
0000010110000010011100010010001000000001
0000010101110010011011110011010000000001
0000010101101010011100010010001000000001
0000010101001010011011010010001000000001
0000010101000010011011100010001000000001
0000010100111010011100000010001000000001
0000000000000000000000000000000000000001
0000010101111000000000001110001000000001
0000010000111000000000001110001000000001
0000010110010000000000001111001000000001
0000010000101010010100110010000000000001
0000000000000000000000000000000000000001
0000010110101000000000001110001000000001
0000010111010010011101000010000000000001
0000010111001010011101100010001000000001
0000010110111010011101000011010000000001
0000010110110010011101100010001000000001
0000010110101010011100100010001000000001
0000010110100010011100110010001000000001
0000010110011010011101010010001000000001
0000000000000000000000000000000000000001
0000010111000000000000001110001000000001
0000010111011000000000001111001000000001
0000011000000010011110010010000000000001
0000010111111010011110110010001000000001
0000010111101010011110010011010000000001
0000010111100010011110110010001000000001
0000010111000010011101110010001000000001
0000010110111010011110000010001000000001
0000010110110010011110100010001000000001
0000000000000000000000000000000000000001
0000010111110000000000001110001000000001
0000010001000000000000001110001000000001
0000011000001000000000001111001000000001
0000010000110001000010000010000000000001
0000100000010000000000001110001000000001
0000011000010010101111000010000000000001
0000011000011010101110110010001000000001
0000011000100010101110100010001000000001
0000011000101010101110010010001000000001
0000011000110010101110000010001000000001
0000011000111010101101110010001000000001
0000011001000010101101100010001000000001
0000011001001010101101010010001000000001
0000011001010010101101000010001000000001
0000011001011010101100110010001000000001
0000011001100010101100100010001000000001
0000011001101010101100010010001000000001
0000011001110010101100000010001000000001
0000011001111010101011110010001000000001
0000011010000010101011100010001000000001
0000011010001010101011010010001000000001
0000011010010010101011000010001000000001
0000011010011010101010110010001000000001
0000011010100010101010100010001000000001
0000011010101010101010010010001000000001
0000011010110010101010000010001000000001
0000011010111010101001110010001000000001
0000011011000010101001100010001000000001
0000011011001010101001010010001000000001
0000011011010010101001000010001000000001
0000011011011010101000110010001000000001
0000011011100010101000100010001000000001
0000011011101010101000010010001000000001
0000011011110010101000000010001000000001
0000011011111010100111110010001000000001
0000011100000010100111100010001000000001
0000011100001010100111010010001000000001
0000011100010010100111000010001000000001
0000011100011010100110110010001000000001
0000011100100010100110100010001000000001
0000011100101010100110010010001000000001
0000011100110010100110000010001000000001
0000011100111010100101110010001000000001
0000011101000010100101100010001000000001
0000011101001010100101010010001000000001
0000011101010010100101000010001000000001
0000011101011010100100110010001000000001
0000011101100010100100100010001000000001
0000011101101010100100010010001000000001
0000011101110010100100000010001000000001
0000011101111010100011110010001000000001
0000011110000010100011100010001000000001
0000011110001010100011010010001000000001
0000011110010010100011000010001000000001
0000011110011010100010110010001000000001
0000011110100010100010100010001000000001
0000011110101010100010010010001000000001
0000011110110010100010000010001000000001
0000011110111010100001110010001000000001
0000011111000010100001100010001000000001
0000011111001010100001010010001000000001
0000011111010010100001000010001000000001
0000011111011010100000110010001000000001
0000011111100010100000100010001000000001
0000011111101010100000010010001000000001
0000011111110010100000000010001000000001
0000011111111010011111110010001000000001
0000100000000010011111100010001000000001
0000100000001010011111010010001000000001
0000100000010010011111000010001000000001
0000100000011000000000001110001000000001
1111111111110010101111010010000000000001
0000100000101001000010000010001001000001
0000100001001000000000001110001000000001
0000100000111001000010000010000000000001
0000100000101001000010000011010000000001
0000100001001010101111100010001000000001
0000100000110000000000001110001000000001
0000100000110000000000001100000000000001
0000100001000000000000001111001000000001
0000000000000000000000000000000000000001
0000010000111111111111110010000000000001
0000100000100000000000001110001000000001
0000000000000000000000000000000000000001
1111111111110010101111110010000000000001
0000100001011001000010000010001001000001
0000100001111000000000001110001000000001
0000100001101001000010000010000000000001
0000100001011001000010000011010000000001
0000100001111010110000000010001000000001
0000100001100000000000001110001000000001
0000100001100000000000001100000000000001
0000100001110000000000001111001000000001
0000000000000000000000000000000000000001
0000010001000111111111110010000000000001
0000100001010000000000001110001000000001
0000000000000000000000000000000000000001
0000100000100001000010000010000000000001
0000101010000000000000001110001000000001
0000100010000011000000010010000000000001
0000100010001011000000000010001000000001
0000100010010010111111110010001000000001
0000100010011010111111100010001000000001
0000100010100010111111010010001000000001
0000100010101010111111000010001000000001
0000100010110010111110110010001000000001
0000100010111010111110100010001000000001
0000100011000010111110010010001000000001
0000100011001010111110000010001000000001
0000100011010010111101110010001000000001
0000100011011010111101100010001000000001
0000100011100010111101010010001000000001
0000100011101010111101000010001000000001
0000100011110010111100110010001000000001
0000100011111010111100100010001000000001
0000100100000010111100010010001000000001
0000100100001010111100000010001000000001
0000100100010010111011110010001000000001
0000100100011010111011100010001000000001
0000100100100010111011010010001000000001
0000100100101010111011000010001000000001
0000100100110010111010110010001000000001
0000100100111010111010100010001000000001
0000100101000010111010010010001000000001
0000100101001010111010000010001000000001
0000100101010010111001110010001000000001
0000100101011010111001100010001000000001
0000100101100010111001010010001000000001
0000100101101010111001000010001000000001
0000100101110010111000110010001000000001
0000100101111010111000100010001000000001
0000100110000010111000010010001000000001
0000100110001010111000000010001000000001
0000100110010010110111110010001000000001
0000100110011010110111100010001000000001
0000100110100010110111010010001000000001
0000100110101010110111000010001000000001
0000100110110010110110110010001000000001
0000100110111010110110100010001000000001
0000100111000010110110010010001000000001
0000100111001010110110000010001000000001
0000100111010010110101110010001000000001
0000100111011010110101100010001000000001
0000100111100010110101010010001000000001
0000100111101010110101000010001000000001
0000100111110010110100110010001000000001
0000100111111010110100100010001000000001
0000101000000010110100010010001000000001
0000101000001010110100000010001000000001
0000101000010010110011110010001000000001
0000101000011010110011100010001000000001
0000101000100010110011010010001000000001
0000101000101010110011000010001000000001
0000101000110010110010110010001000000001
0000101000111010110010100010001000000001
0000101001000010110010010010001000000001
0000101001001010110010000010001000000001
0000101001010010110001110010001000000001
0000101001011010110001100010001000000001
0000101001100010110001010010001000000001
0000101001101010110001000010001000000001
0000101001110010110000110010001000000001
0000101001111010110000100010001000000001
0000101010000010110000010010001000000001
0000101010001000000000001110001000000001
0000100001010001000010000010000000000001
0000110110000000000000001110001000000001
0000101010010011011000000010000000000001
0000101010011011010111110010001000000001
0000101010100011010111100010001000000001
0000101010101011010111010010001000000001
0000101010110011010111000010001000000001
0000101010111011010110110010001000000001
0000101011000011010110100010001000000001
0000101011001011010110010010001000000001
0000101011010011010110000010001000000001
0000101011011011010101110010001000000001
0000101011100011010101100010001000000001
0000101011101011010101010010001000000001
0000101011110011010101000010001000000001
0000101011111011010100110010001000000001
0000101100000011010100100010001000000001
0000101100001011010100010010001000000001
0000101100010011010100000010001000000001
0000101100011011010011110010001000000001
0000101100100011010011100010001000000001
0000101100101011010011010010001000000001
0000101100110011010011000010001000000001
0000101100111011010010110010001000000001
0000101101000011010010100010001000000001
0000101101001011010010010010001000000001
0000101101010011010010000010001000000001
0000101101011011010001110010001000000001
0000101101100011010001100010001000000001
0000101101101011010001010010001000000001
0000101101110011010001000010001000000001
0000101101111011010000110010001000000001
0000101110000011010000100010001000000001
0000101110001011010000010010001000000001
0000101110010011010000000010001000000001
0000101110011011001111110010001000000001
0000101110100011001111100010001000000001
0000101110101011001111010010001000000001
0000101110110011001111000010001000000001
0000101110111011001110110010001000000001
0000101111000011001110100010001000000001
0000101111001011001110010010001000000001
0000101111010011001110000010001000000001
0000101111011011001101110010001000000001
0000101111100011001101100010001000000001
0000101111101011001101010010001000000001
0000101111110011001101000010001000000001
0000101111111011001100110010001000000001
0000110000000011001100100010001000000001
0000110000001011001100010010001000000001
0000110000010011001100000010001000000001
0000110000011011001011110010001000000001
0000110000100011001011100010001000000001
0000110000101011001011010010001000000001
0000110000110011001011000010001000000001
0000110000111011001010110010001000000001
0000110001000011001010100010001000000001
0000110001001011001010010010001000000001
0000110001010011001010000010001000000001
0000110001011011001001110010001000000001
0000110001100011001001100010001000000001
0000110001101011001001010010001000000001
0000110001110011001001000010001000000001
0000110001111011001000110010001000000001
0000110010000011001000100010001000000001
0000110010001011001000010010001000000001
0000110010010011001000000010001000000001
0000110010011011000111110010001000000001
0000110010100011000111100010001000000001
0000110010101011000111010010001000000001
0000110010110011000111000010001000000001
0000110010111011000110110010001000000001
0000110011000011000110100010001000000001
0000110011001011000110010010001000000001
0000110011010011000110000010001000000001
0000110011011011000101110010001000000001
0000110011100011000101100010001000000001
0000110011101011000101010010001000000001
0000110011110011000101000010001000000001
0000110011111011000100110010001000000001
0000110100000011000100100010001000000001
0000110100001011000100010010001000000001
0000110100010011000100000010001000000001
0000110100011011000011110010001000000001
0000110100100011000011100010001000000001
0000110100101011000011010010001000000001
0000110100110011000011000010001000000001
0000110100111011000010110010001000000001
0000110101000011000010100010001000000001
0000110101001011000010010010001000000001
0000110101010011000010000010001000000001
0000110101011011000001110010001000000001
0000110101100011000001100010001000000001
0000110101101011000001010010001000000001
0000110101110011000001000010001000000001
0000110101111011000000110010001000000001
0000110110000011000000100010001000000001
0000110110001000000000001110001000000001
1111111111110011011000010010000000000001
0000110110011001000010000010001001000001
0000110110111000000000001110001000000001
0000110110101001000010000010000000000001
0000110110011001000010000011010000000001
0000110110111011011000100010001000000001
0000110110100000000000001110001000000001
0000110110100000000000001100000000000001
0000110110110000000000001111001000000001
0000100000011111111111110010000000000001
0000110110010000000000001110001000000001
0000110110010011011000110010000000000001
0000000000000000000000000000000000000001
0000110111000000000000001110001000000001
0000110110010011011000110010000000000001
0000000000000000000000000000000000000001
0000110111001000000000001110001000000001
0000101010001001000010000010000000000001
1111111101101000000000000000001000000001
0000110110001001000010000010000000000001
1111111110000000000000000000001000000001
0000110111001001000010000010000000000001
1111111101111000000000000000001000000001
0000110111000001000010000010000000000001
1111111101110000000000000000001000000001
0000000000000000000000000000000000000001
0000000000000000000000000000000000000001
0000000000000000000000000000000000000001
0000000000000000000000000000000000000001
0000000000000000000000000000000000000001
0000000000000000000000000000000000000001
0000000000000000000000000000000000000001
0000000000000000000000000000000000000001
0000000000000000000000000000000000000001
0000000000000000000000000000000000000001
0000000000000000000000000000000000000001
0000000000000000000000000000000000000001
0000000000000000000000000000000000000001
0000000000000000000000000000000000000001
0000000000000000000000000000000000000001
0000000000000000000000000000000000000001
0000000000000000000000000000000000000001
0000000000000000000000000000000000000001
0000000000000000000000000000000000000001
0000000000000000000000000000000000000001
0000000000000000000000000000000000000001
0000000000000000000000000000000000000001
0000000000000000000000000000000000000001
0000000000000000000000000000000000000001
0000000000000000000000000000000000000001
0000000000000000000000000000000000000001
0000000000000000000000000000000000000001
0000000000000000000000000000000000000001
0000000000000000000000000000000000000001
0000000000000000000000000000000000000001
0000000000000000000000000000000000000001
0000000000000000000000000000000000000001
0000000000000000000000000000000000000001
0000000000000000000000000000000000000001
0000000000000000000000000000000000000001
0000000000000000000000000000000000000001
0000000000000000000000000000000000000001
0000000000000000000000000000000000000001
0000000000000000000000000000000000000001
0000000000000000000000000000000000000001
0000000000000000000000000000000000000001
0000000000000000000000000000000000000001
0000000000000000000000000000000000000001
0000000000000000000000000000000000000001
0000000000000000000000000000000000000001
0000000000000000000000000000000000000001
0000000000000000000000000000000000000001
0000000000000000000000000000000000000001
0000000000000000000000000000000000000001
0000000000000000000000000000000000000001
0000000000000000000000000000000000000001
0000000000000000000000000000000000000001
0000000000000000000000000000000000000001
0000000000000000000000000000000000000001
0000000000000000000000000000000000000001
0000000000000000000000000000000000000001
0000000000000000000000000000000000000001
0000000000000000000000000000000000000001
0000000000000000000000000000000000000001
0000000000000000000000000000000000000001
0000000000000000000000000000000000000001
0000000000000000000000000000000000000001
0000000000000000000000000000000000000001
0000000000000000000000000000000000000001
0000000000000000000000000000000000000001
0000000000000000000000000000000000000001
0000000000000000000000000000000000000001
0000000000000000000000000000000000000001
0000000000000000000000000000000000000001
0000000000000000000000000000000000000001
0000000000000000000000000000000000000001
0000000000000000000000000000000000000001
0000000000000000000000000000000000000001
0000000000000000000000000000000000000001
0000000000000000000000000000000000000001
0000000000000000000000000000000000000001
0000000000000000000000000000000000000001
0000000000000000000000000000000000000001
0000000000000000000000000000000000000001
0000000000000000000000000000000000000001
0000000000000000000000000000000000000001
0000000000000000000000000000000000000001
0000000000000000000000000000000000000001
0000000000000000000000000000000000000001
0000000000000000000000000000000000000001
0000000000000000000000000000000000000001
0000000000000000000000000000000000000001
0000000000000000000000000000000000000001
0000000000000000000000000000000000000001
0000000000000000000000000000000000000001
0000000000000000000000000000000000000001
0000000000000000000000000000000000000001
0000000000000000000000000000000000000001
0000000000000000000000000000000000000001
0000000000000000000000000000000000000001
0000000000000000000000000000000000000001
0000000000000000000000000000000000000001
0000000000000000000000000000000000000001
0000000000000000000000000000000000000001
0000000000000000000000000000000000000001
0000000000000000000000000000000000000001
0000000000000000000000000000000000000001
0000000000000000000000000000000000000001
0000000000000000000000000000000000000001
0000000000000000000000000000000000000001
0000000000000000000000000000000000000001
0000000000000000000000000000000000000001
0000000000000000000000000000000000000001
0000000000000000000000000000000000000001
0000000000000000000000000000000000000001
0000000000000000000000000000000000000001
0000000000000000000000000000000000000001
0000000000000000000000000000000000000001
0000000000000000000000000000000000000001
0000000000000000000000000000000000000001
0000000000000000000000000000000000000001
0000000000000000000000000000000000000001
0000000000000000000000000000000000000001
0000000000000000000000000000000000000001
0000000000000000000000000000000000000001
0000000000000000000000000000000000000001
0000000000000000000000000000000000000001
0000000000000000000000000000000000000001
0000000000000000000000000000000000000001
0000000000000000000000000000000000000001
0000000000000000000000000000000000000001
0000000000000000000000000000000000000001
0000000000000000000000000000000000000001
0000000000000000000000000000000000000001
0000000000000000000000000000000000000001
0000000000000000000000000000000000000001
0000000000000000000000000000000000000001
0000000000000000000000000000000000000001
0000000000000000000000000000000000000001
0000000000000000000000000000000000000001
0000000000000000000000000000000000000001
0000000000000000000000000000000000000001
0000000000000000000000000000000000000001
0000000000000000000000000000000000000001
0000000000000000000000000000000000000001
0000000000000000000000000000000000000001
0000000000000000000000000000000000000001
0000000000000000000000000000000000000001
0000000000000000000000000000000000000001
0000000000000000000000000000000000000001
0000000000000000000000000000000000000001
0000000000000000000000000000000000000001
0000000000000000000000000000000000000001
0000000000000000000000000000000000000001
0000000000000000000000000000000000000001
0000000000000000000000000000000000000001
0000000000000000000000000000000000000001
0000000000000000000000000000000000000001
0000000000000000000000000000000000000001
0000000000000000000000000000000000000001
0000000000000000000000000000000000000001
0000000000000000000000000000000000000001
0000000000000000000000000000000000000001
0000000000000000000000000000000000000001
0000000000000000000000000000000000000001
0000000000000000000000000000000000000001
0000000000000000000000000000000000000001
0000000000000000000000000000000000000001
0000000000000000000000000000000000000001
0000000000000000000000000000000000000001
0000000000000000000000000000000000000001
0000000000000000000000000000000000000001
0000000000000000000000000000000000000001
0000000000000000000000000000000000000001
0000000000000000000000000000000000000001
0000000000000000000000000000000000000001
0000000000000000000000000000000000000001
0000000000000000000000000000000000000001
0000000000000000000000000000000000000001
0000000000000000000000000000000000000001
0000000000000000000000000000000000000001
0000000000000000000000000000000000000001
0000000000000000000000000000000000000001
0000000000000000000000000000000000000001
0000000000000000000000000000000000000001
0000000000000000000000000000000000000001
0000000000000000000000000000000000000001
0000000000000000000000000000000000000001
0000000000000000000000000000000000000001
0000000000000000000000000000000000000001
0000000000000000000000000000000000000001
0000000000000000000000000000000000000001
0000000000000000000000000000000000000001
0000000000000000000000000000000000000001
0000000000000000000000000000000000000001
0000000000000000000000000000000000000001
0000000000000000000000000000000000000001
0000000000000000000000000000000000000001
0000000000000000000000000000000000000001
0000000000000000000000000000000000000001
0000000000000000000000000000000000000001
0000000000000000000000000000000000000001
0000000000000000000000000000000000000001
0000000000000000000000000000000000000001
0000000000000000000000000000000000000001
0000000000000000000000000000000000000001
0000000000000000000000000000000000000001
0000000000000000000000000000000000000001
0000000000000000000000000000000000000001
0000000000000000000000000000000000000001
0000000000000000000000000000000000000001
0000000000000000000000000000000000000001
0000000000000000000000000000000000000001
0000000000000000000000000000000000000001
0000000000000000000000000000000000000001
0000000000000000000000000000000000000001
0000000000000000000000000000000000000001
0000000000000000000000000000000000000001
0000000000000000000000000000000000000001
0000000000000000000000000000000000000001
0000000000000000000000000000000000000001
0000000000000000000000000000000000000001
0000000000000000000000000000000000000001
0000000000000000000000000000000000000001
0000000000000000000000000000000000000001
0000000000000000000000000000000000000001
0000000000000000000000000000000000000001
0000000000000000000000000000000000000001
0000000000000000000000000000000000000001
0000000000000000000000000000000000000001
0000000000000000000000000000000000000001
0000000000000000000000000000000000000001
0000000000000000000000000000000000000001
0000000000000000000000000000000000000001
0000000000000000000000000000000000000001
0000000000000000000000000000000000000001
0000000000000000000000000000000000000001
0000000000000000000000000000000000000001
0000000000000000000000000000000000000001
0000000000000000000000000000000000000001
0000000000000000000000000000000000000001
0000000000000000000000000000000000000001
0000000000000000000000000000000000000001
0000000000000000000000000000000000000001
0000000000000000000000000000000000000001
0000000000000000000000000000000000000001
0000000000000000000000000000000000000001
0000000000000000000000000000000000000001
0000000000000000000000000000000000000001
0000000000000000000000000000000000000001
0000000000000000000000000000000000000001
0000000000000000000000000000000000000001
0000000000000000000000000000000000000001
0000000000000000000000000000000000000001
0000000000000000000000000000000000000001
0000000000000000000000000000000000000001
0000000000000000000000000000000000000001
0000000000000000000000000000000000000001
0000000000000000000000000000000000000001
0000000000000000000000000000000000000001
0000000000000000000000000000000000000001
0000000000000000000000000000000000000001
0000000000000000000000000000000000000001
0000000000000000000000000000000000000001
0000000000000000000000000000000000000001
0000000000000000000000000000000000000001
0000000000000000000000000000000000000001
0000000000000000000000000000000000000001
0000000000000000000000000000000000000001
0000000000000000000000000000000000000001
0000000000000000000000000000000000000001
0000000000000000000000000000000000000001
0000000000000000000000000000000000000001
0000000000000000000000000000000000000001
0000000000000000000000000000000000000001
0000000000000000000000000000000000000001
0000000000000000000000000000000000000001
0000000000000000000000000000000000000001
0000000000000000000000000000000000000001
0000000000000000000000000000000000000001
0000000000000000000000000000000000000001
0000000000000000000000000000000000000001
0000000000000000000000000000000000000001
0000000000000000000000000000000000000001
0000000000000000000000000000000000000001
0000000000000000000000000000000000000001
0000000000000000000000000000000000000001
0000000000000000000000000000000000000001
0000000000000000000000000000000000000001
0000000000000000000000000000000000000001
0000000000000000000000000000000000000001
0000000000000000000000000000000000000001
0000000000000000000000000000000000000001
0000000000000000000000000000000000000001
0000000000000000000000000000000000000001
0000000000000000000000000000000000000001
0000000000000000000000000000000000000001
0000000000000000000000000000000000000001
0000000000000000000000000000000000000001
0000000000000000000000000000000000000001
0000000000000000000000000000000000000001
0000000000000000000000000000000000000001
0000000000000000000000000000000000000001
0000000000000000000000000000000000000001
0000000000000000000000000000000000000001
0000000000000000000000000000000000000001
0000000000000000000000000000000000000001
0000000000000000000000000000000000000001
0000000000000000000000000000000000000001
0000000000000000000000000000000000000001
0000000000000000000000000000000000000001
0000000000000000000000000000000000000001
0000000000000000000000000000000000000001
0000000000000000000000000000000000000001
0000000000000000000000000000000000000001
0000000000000000000000000000000000000001
0000000000000000000000000000000000000001
0000000000000000000000000000000000000001
0000000000000000000000000000000000000001
0000000000000000000000000000000000000001
0000000000000000000000000000000000000001
0000000000000000000000000000000000000001
0000000000000000000000000000000000000001
0000000000000000000000000000000000000001
0000000000000000000000000000000000000001
0000000000000000000000000000000000000001
0000000000000000000000000000000000000001
0000000000000000000000000000000000000001
0000000000000000000000000000000000000001
0000000000000000000000000000000000000001
0000000000000000000000000000000000000001
0000000000000000000000000000000000000001
0000000000000000000000000000000000000001
0000000000000000000000000000000000000001
0000000000000000000000000000000000000001
0000000000000000000000000000000000000001
0000000000000000000000000000000000000001
0000000000000000000000000000000000000001
0000000000000000000000000000000000000001
0000000000000000000000000000000000000001
0000000000000000000000000000000000000001
0000000000000000000000000000000000000001
0000000000000000000000000000000000000001
0000000000000000000000000000000000000001
0000000000000000000000000000000000000001
0000000000000000000000000000000000000001
0000000000000000000000000000000000000001
0000000000000000000000000000000000000001
0000000000000000000000000000000000000001
0000000000000000000000000000000000000001
0000000000000000000000000000000000000001
0000000000000000000000000000000000000001
0000000000000000000000000000000000000001
0000000000000000000000000000000000000001
0000000000000000000000000000000000000001
0000000000000000000000000000000000000001
0000000000000000000000000000000000000001
0000000000000000000000000000000000000001
0000000000000000000000000000000000000001
0000000000000000000000000000000000000001
0000000000000000000000000000000000000001
0000000000000000000000000000000000000001
0000000000000000000000000000000000000001
0000000000000000000000000000000000000001
0000000000000000000000000000000000000001
0000000000000000000000000000000000000001
0000000000000000000000000000000000000001
0000000000000000000000000000000000000001
0000000000000000000000000000000000000001
0000000000000000000000000000000000000001
0000000000000000000000000000000000000001
0000000000000000000000000000000000000001
0000000000000000000000000000000000000001
0000000000000000000000000000000000000001
0000000000000000000000000000000000000001
0000000000000000000000000000000000000001
0000000000000000000000000000000000000001
0000000000000000000000000000000000000001
0000000000000000000000000000000000000001
0000000000000000000000000000000000000001
0000000000000000000000000000000000000001
0000000000000000000000000000000000000001
0000000000000000000000000000000000000001
