0000000000000000000000000000000000000001
0000000000000000000000001110100000000001
0000000000000000000000000000000000000001
0000000000001000000000001110100000000001
0000000000000000000000000000000000000001
0000000000010000000000001110100000000001
0000000000000000000000000000000000000001
0000000000011000000000001110100000000001
0000000000000000000000000000000000000001
0000000000100000000000001110100000000001
0000000000000000000000000000000000000001
0000000000101000000000001110100000000001
1111111111110010000000000010000000000001
0000000001101000000000001110001000000001
0000000000000001000010000010000000000001
0000000001000000000000001110001000000001
0000000000001001000010000010000000000001
0000000001010000000000001110001000000001
0000000000100001000010000010000000000001
0000000001001000000000001110001000000001
0000000000101001000010000010000000000001
0000000001011000000000001110001000000001
1111111111101001000010000010000000000001
0000000011000000000000001110001000000001
0000000001100001000010000010000000000001
0000000001101001000010000010001001001001
1111111111110001000010000010000000100110
0000000011000000000000001110001000000001
0000000010000001000010000010000000000001
1111111111110001000100110010001001001001
0000000001100001000010000010000000000001
0000000010100001000010000010000000100101
0000000010101000000000001110001000000001
0000000010010001000010000010000000000001
1111111111110001000100110010001001001001
0000000001100001000010000010000000000001
0000000010110001000010000010000000100101
0000000010111000000000001110001000000001
0000000011001001000010000010000000000001
0000000000000000000000000000000000000001
0000000011011000000000001111000000000001
0000000011011001000010000010000000000001
1111111111110001000100110010001001001001
0000000011000001000010000010000000000001
1111111111101001000010000010000000100101
0000000011000000000000001110001000000001
0000000001100001000010000010000000000001
0000000001101000000000001110001000100101
0000000001110001000010000010000000000001
0000000010000001000010000010001001000001
0000000011010000000000001110001000000001
0000000010000001000010000010000000000001
0000000011010001000101000010001000000001
0000000010001000000000001110001000000001
0000000010101000000000001100000000000001
0000000000000111111111111010000000000001
0000000010001000000000001100000000000001
0000000001000111111111110010000010000001
0000000000110000000000001110001000000001
0000000001010111111111110100000010000001
0000000000111000000000001110010000000001
1111111111110001000010000010000000000001
1111111111110111111111110010001001000001
0000000010011000000000001110001000000001
0000000010111000000000001100000000000001
0000000000000111111111111010000000000001
0000000010011000000000001100000000000001
0000000001000111111111110010000010000001
0000000000110001000010000010001000000001
0000000000110000000000001110001000000001
0000000001010111111111110100000010000001
0000000000111001000010000100010000000001
0000000000111000000000001110010000000001
0000000001110001000010000010000000000001
0000000011000001000010000010001001000001
0000000000000000000000000000000000000001
0000000001111000000000001111000000000001
0000000000000000000000000000000000000001
1111111111110010001011000100000000000001
0000000000110001000010010010000000000001
0000000000111001000010010010001000000001
0000000100110000000000001110001000000001
0000000100110001000011000010000000000001
0000000110000000000000001110001000000001
0000000110000000000000001100000000000001
0000000110000111111111110010000000000001
0000000110001000000000001110001000000001
0000000100110000000000001100000000000001
0000000100110111111111110010000000000001
0000000000000000000000000000000000000001
0000000101010000000000001110001000000001
0000000101011000000000001111001000000001
0000000110010001000010000010000000000001
0000000110010010001010010010001001000001
0000000110001010001010010010001000001001
0000000110011000000000001110001000000001
0000000100000001000010000010000000000001
0000000100000010001010010010001001000001
0000000101011010001010010010001000000001
0000000011110001000010000011010000000001
0000000011110010001010010010001001000001
0000000101010010001010010010001000000001
0000000011111000000000001110001000000001
1111111111101001000010000100001000000001
0000000100001000000000001111001000000001
0000000110011001000010000010000000000001
1111111111101001000010001000001000000001
1111111111101001000010001000010000100011
1111111111110001000010100010000000000001
0000000000000000000000000000000000000001
0000000101111000000000001111011000000001
0000000101111001000010000010001000000001
0000000101100000000000001110001000000001
0000000000000000000000000000000000000001
0000000101100000000000001111011000100011
0000000100100001000010000010000000001001
0000000100101000000000001110001000000001
0000000100010001000010000010000000000001
1111111111110010001010110010001001100111
0000000100011000000000001110001000000001
0000000101100001000010000010001001001001
0000000101100001000010000010000000000001
0000000100011000000000001110001000100111
1111111111110010001010100010000000000001
0000000100101000000000001110001000100111
0000000000000000000000000000000000000001
0000000100101001000010000010000000001001
1111111111111001000010000010001001000001
0000000100101000000000001110001000100110
0000000100011001000110100010000000000001
0000000000000000000000000000000000000001
0000000101101000000000001110001000000001
0000000101110000000000001111001000000001
0000000101101000000000001100000000000001
0000000000000000000000000000000000000001
0000000000000010000000101010000100000001
1111111111100001000010000010000000000001
0000000000000010000000011010000100000001
1111111111100001000010000010001001000001
0000000100111000000000001110001000000001
0000000101110000000000001100000000000001
0000000100111111111111110010000000000001
1111111111100001000010000010001000000001
0000000101001000000000001110001000000001
0000000101001000000000001100000000000001
0000000000110111111111110010000000000001
0000000011100000000000001110001000000001
0000000000111111111111110010000000000001
0000000011101000000000001110001000000001
1111111111110010001101000010000000000001
0000001001010001000010000010001001000001
0000001001110000000000001110001000000001
0000001001100001000010000010000000000001
0000001001010001000010000011010000000001
0000001001110001000101000010001000000001
0000000000000000000000000000000000000001
0000001001011000000000001110001000000001
0000001001101000000000001111001000000001
0000001001011001000010000010000000000001
0000000110110000000000001110001000000001
0000001001000000000000001100000000000001
0000001001000111111111110010001001000001
0000000110111000000000001110001000000001
0000001001000001000010000010000000000001
0000000110111001000011010010001000000001
0000001001001000000000001110001000000001
1111111111110001000010000100000000000001
0000000110110001000010000010010001001001
1111111111101001000010000010000000100111
0000000111001000000000001110001000000001
0000000011100010001011010010000000000001
0000000111000000000000001110001000000001
0000000111110010001100110010000000000001
0000000111000010001100100010001000000001
0000000111111000000000001110001000000001
0000000011101010001011010010000000000001
0000000111000000000000001110001000000001
0000001000010010001100110010000000000001
0000000111000010001100100010001000000001
0000001000011000000000001110001000000001
0000000011100010001011100010000000000001
0000000111011000000000001110001000000001
0000001000000010001100010010000000000001
0000000111011010001011110010001000000001
0000000111010010001100000010001000000001
0000001000001000000000001110001000000001
0000000011101010001011100010000000000001
0000000111101000000000001110001000000001
0000001000100010001100010010000000000001
0000000111101010001011110010001000000001
0000000111100010001100000010001000000001
0000001000101000000000001110001000000001
0000000111111001000010000010000000000001
0000001000001001000010000010001000000001
0000001000110000000000001110001000000001
0000001000011001000010000010000000000001
0000001000101001000010000010001000000001
0000001000111000000000001110001000000001
0000000110110000000000001100000000000001
0000000011100111111111110010000000000001
0000001001001001000010000100000000000001
0000000110111000000000001110010000000001
0000000110111000000000001100000000000001
0000000111001111111111110100000000000001
0000000110111000000000001110010000000001
0000000110111000000000001100000000000001
0000001000110111111111110010001000000001
0000000110100000000000001110001000000001
0000000000000000000000000000000000000001
0000000110110000000000001100000000000001
0000000011101111111111110010000000000001
0000001001001001000010000100000000000001
0000000110111000000000001110010000000001
0000000110111000000000001100000000000001
0000000111001111111111110100000000000001
0000000110111000000000001110010000000001
0000000110111000000000001100000000000001
0000001000111111111111110010001000000001
0000000110101000000000001110001000000001
0000000000000000000000000000000000000001
1111111111110010001101010010000000000001
0000001010001001000010000010001001000001
0000001010101000000000001110001000000001
0000001010011001000010000010000000000001
0000001010001001000010000011010000000001
0000001010101010001101100010001000000001
0000001010010000000000001110001000000001
0000001010010000000000001100000000000001
0000001010100000000000001111001000000001
0000000110100111111111110010000000000001
0000001001111000000000001110001000000001
0000000110101111111111110010000000000001
0000001010000000000000001110001000000001
0000001010000010001101110010000000000001
0000001010110000000000001110001000000001
0000000000000000000000000000000000000001
0000001010110010001110000010000000000001
0000001010111000000000001110001000000001
0000001010111010001110010010000000000001
0000000000000000000000000000000000000001
0000001011011000000000001110001000000001
0000001100000010001111010010000000000001
0000001011111010001111110010001000000001
0000001011101010001111010011010000000001
0000001011100010001111110010001000000001
0000001011011010001110110010001000000001
0000001011010010001111000010001000000001
0000001011001010001111100010001000000001
0000000000000000000000000000000000000001
0000001011110000000000001110001000000001
0000001100001000000000001111001000000001
0000001100110010010000100010000000000001
0000001100101010010001000010001000000001
0000001100011010010000100011010000000001
0000001100010010010001000010001000000001
0000001011110010010000000010001000000001
0000001011101010010000010010001000000001
0000001011100010010000110010001000000001
0000000000000000000000000000000000000001
0000001100100000000000001110001000000001
0000001100111000000000001111001000000001
0000001101100010010001110010000000000001
0000001101011010010010010010001000000001
0000001101001010010001110011010000000001
0000001101000010010010010010001000000001
0000001100100010010001010010001000000001
0000001100011010010001100010001000000001
0000001100010010010010000010001000000001
0000000000000000000000000000000000000001
0000001101010000000000001110001000000001
0000001101101000000000001111001000000001
0000001110010010010011000010000000000001
0000001110001010010011100010001000000001
0000001101111010010011000011010000000001
0000001101110010010011100010001000000001
0000001101010010010010100010001000000001
0000001101001010010010110010001000000001
0000001101000010010011010010001000000001
0000000000000000000000000000000000000001
0000001110000000000000001110001000000001
0000001011000000000000001110001000000001
0000001110011000000000001111001000000001
0000001010111001000010000010000000000001
0000000000000000000000000000000000000001
0000001110110000000000001110001000000001
0000001111011010010100010010000000000001
0000001111010010010100110010001000000001
0000001111000010010100010011010000000001
0000001110111010010100110010001000000001
0000001110110010010011110010001000000001
0000001110101010010100000010001000000001
0000001110100010010100100010001000000001
0000000000000000000000000000000000000001
0000001111001000000000001110001000000001
0000001111100000000000001111001000000001
0000010000001010010101100010000000000001
0000010000000010010110000010001000000001
0000001111110010010101100011010000000001
0000001111101010010110000010001000000001
0000001111001010010101000010001000000001
0000001111000010010101010010001000000001
0000001110111010010101110010001000000001
0000000000000000000000000000000000000001
0000001111111000000000001110001000000001
0000010000010000000000001111001000000001
0000010000111010010110110010000000000001
0000010000110010010111010010001000000001
0000010000100010010110110011010000000001
0000010000011010010111010010001000000001
0000001111111010010110010010001000000001
0000001111110010010110100010001000000001
0000001111101010010111000010001000000001
0000000000000000000000000000000000000001
0000010000101000000000001110001000000001
0000010001000000000000001111001000000001
0000010001101010011000000010000000000001
0000010001100010011000100010001000000001
0000010001010010011000000011010000000001
0000010001001010011000100010001000000001
0000010000101010010111100010001000000001
0000010000100010010111110010001000000001
0000010000011010011000010010001000000001
0000000000000000000000000000000000000001
0000010001011000000000001110001000000001
0000010001110000000000001111001000000001
0000010010011010011001010010000000000001
0000010010010010011001110010001000000001
0000010010000010011001010011010000000001
0000010001111010011001110010001000000001
0000010001011010011000110010001000000001
0000010001010010011001000010001000000001
0000010001001010011001100010001000000001
0000000000000000000000000000000000000001
0000010010001000000000001110001000000001
0000010100000000000000001110001000000001
0000010010100000000000001111001000000001
0000001010111010001110100010000000000001
0000000000000000000000000000000000000001
0000010010111000000000001110001000000001
0000010011100010011010100010000000000001
0000010011011010011011000010001000000001
0000010011001010011010100011010000000001
0000010011000010011011000010001000000001
0000010010111010011010000010001000000001
0000010010110010011010010010001000000001
0000010010101010011010110010001000000001
0000000000000000000000000000000000000001
0000010011010000000000001110001000000001
0000010101001000000000001110001000000001
0000010011101000000000001111001000000001
0000010100101010011100000010000000000001
0000010100100010011100010010001000000001
0000010100010010011100000011010000000001
0000010100001010011100010010001000000001
0000010100000010011011010010001000000001
0000010011111010011011100010001000000001
0000010011110010011011110010001000000001
0000000000000000000000000000000000000001
0000010100011000000000001110001000000001
0000010100110000000000001111001000000001
0000010101110010011101010010000000000001
0000010101101010011101100010001000000001
0000010101011010011101010011010000000001
0000010101010010011101100010001000000001
0000010101001010011100100010001000000001
0000010101000010011100110010001000000001
0000010100111010011101000010001000000001
0000000000000000000000000000000000000001
0000010101100000000000001110001000000001
0000010101111000000000001111001000000001
1111111111110010011101110010000000000001
0000010110001001000010000010001001000001
0000010110101000000000001110001000000001
0000010110011001000010000010000000000001
0000010110001001000010000011010000000001
0000010110101010011110000010001000000001
0000010110010000000000001110001000000001
0000010110010000000000001100000000000001
0000010110100000000000001111001000000001
0000001011000111111111110010000000000001
0000010110000000000000001110001000000001
0000010101100010011110010010000000000001
0000010110110000000000001110001000000001
0000000000000000000000000000000000000001
0000010100011010011110100010000000000001
0000010110111000000000001110001000000001
0000000000000000000000000000000000000001
0000010110000010011110110010000000000001
0000000000000000000000000000000000000001
0000010111000000000000001110001000000001
0000010110000010011110110010000000000001
0000000000000000000000000000000000000001
0000010111001000000000001110001000000001
0000010110110001000010000010000000000001
1111111101111000000000000000001000000001
0000010111001001000010000010000000000001
1111111101110000000000000000001000000001
0000010111000001000010000010000000000001
1111111101101000000000000000001000000001
0000010110111001000010000010000000000001
1111111110000000000000000000001000000001
0000000000000000000000000000000000000001
0000000000000000000000000000000000000001
0000000000000000000000000000000000000001
0000000000000000000000000000000000000001
0000000000000000000000000000000000000001
0000000000000000000000000000000000000001
0000000000000000000000000000000000000001
0000000000000000000000000000000000000001
0000000000000000000000000000000000000001
0000000000000000000000000000000000000001
0000000000000000000000000000000000000001
0000000000000000000000000000000000000001
0000000000000000000000000000000000000001
0000000000000000000000000000000000000001
0000000000000000000000000000000000000001
0000000000000000000000000000000000000001
0000000000000000000000000000000000000001
0000000000000000000000000000000000000001
0000000000000000000000000000000000000001
0000000000000000000000000000000000000001
0000000000000000000000000000000000000001
0000000000000000000000000000000000000001
0000000000000000000000000000000000000001
0000000000000000000000000000000000000001
0000000000000000000000000000000000000001
0000000000000000000000000000000000000001
0000000000000000000000000000000000000001
0000000000000000000000000000000000000001
0000000000000000000000000000000000000001
0000000000000000000000000000000000000001
0000000000000000000000000000000000000001
0000000000000000000000000000000000000001
0000000000000000000000000000000000000001
0000000000000000000000000000000000000001
0000000000000000000000000000000000000001
0000000000000000000000000000000000000001
0000000000000000000000000000000000000001
0000000000000000000000000000000000000001
0000000000000000000000000000000000000001
0000000000000000000000000000000000000001
0000000000000000000000000000000000000001
0000000000000000000000000000000000000001
0000000000000000000000000000000000000001
0000000000000000000000000000000000000001
0000000000000000000000000000000000000001
0000000000000000000000000000000000000001
0000000000000000000000000000000000000001
0000000000000000000000000000000000000001
0000000000000000000000000000000000000001
0000000000000000000000000000000000000001
0000000000000000000000000000000000000001
0000000000000000000000000000000000000001
0000000000000000000000000000000000000001
0000000000000000000000000000000000000001
0000000000000000000000000000000000000001
0000000000000000000000000000000000000001
0000000000000000000000000000000000000001
0000000000000000000000000000000000000001
0000000000000000000000000000000000000001
0000000000000000000000000000000000000001
0000000000000000000000000000000000000001
0000000000000000000000000000000000000001
0000000000000000000000000000000000000001
0000000000000000000000000000000000000001
0000000000000000000000000000000000000001
0000000000000000000000000000000000000001
0000000000000000000000000000000000000001
0000000000000000000000000000000000000001
0000000000000000000000000000000000000001
0000000000000000000000000000000000000001
0000000000000000000000000000000000000001
0000000000000000000000000000000000000001
0000000000000000000000000000000000000001
0000000000000000000000000000000000000001
0000000000000000000000000000000000000001
0000000000000000000000000000000000000001
0000000000000000000000000000000000000001
0000000000000000000000000000000000000001
0000000000000000000000000000000000000001
0000000000000000000000000000000000000001
0000000000000000000000000000000000000001
0000000000000000000000000000000000000001
0000000000000000000000000000000000000001
0000000000000000000000000000000000000001
0000000000000000000000000000000000000001
0000000000000000000000000000000000000001
0000000000000000000000000000000000000001
0000000000000000000000000000000000000001
0000000000000000000000000000000000000001
0000000000000000000000000000000000000001
0000000000000000000000000000000000000001
0000000000000000000000000000000000000001
0000000000000000000000000000000000000001
0000000000000000000000000000000000000001
0000000000000000000000000000000000000001
0000000000000000000000000000000000000001
0000000000000000000000000000000000000001
0000000000000000000000000000000000000001
0000000000000000000000000000000000000001
0000000000000000000000000000000000000001
0000000000000000000000000000000000000001
0000000000000000000000000000000000000001
0000000000000000000000000000000000000001
0000000000000000000000000000000000000001
0000000000000000000000000000000000000001
0000000000000000000000000000000000000001
0000000000000000000000000000000000000001
0000000000000000000000000000000000000001
0000000000000000000000000000000000000001
0000000000000000000000000000000000000001
0000000000000000000000000000000000000001
0000000000000000000000000000000000000001
0000000000000000000000000000000000000001
0000000000000000000000000000000000000001
0000000000000000000000000000000000000001
0000000000000000000000000000000000000001
0000000000000000000000000000000000000001
0000000000000000000000000000000000000001
0000000000000000000000000000000000000001
0000000000000000000000000000000000000001
0000000000000000000000000000000000000001
0000000000000000000000000000000000000001
0000000000000000000000000000000000000001
0000000000000000000000000000000000000001
0000000000000000000000000000000000000001
0000000000000000000000000000000000000001
0000000000000000000000000000000000000001
0000000000000000000000000000000000000001
0000000000000000000000000000000000000001
0000000000000000000000000000000000000001
0000000000000000000000000000000000000001
0000000000000000000000000000000000000001
0000000000000000000000000000000000000001
0000000000000000000000000000000000000001
0000000000000000000000000000000000000001
0000000000000000000000000000000000000001
0000000000000000000000000000000000000001
0000000000000000000000000000000000000001
0000000000000000000000000000000000000001
0000000000000000000000000000000000000001
0000000000000000000000000000000000000001
0000000000000000000000000000000000000001
0000000000000000000000000000000000000001
0000000000000000000000000000000000000001
0000000000000000000000000000000000000001
0000000000000000000000000000000000000001
0000000000000000000000000000000000000001
0000000000000000000000000000000000000001
0000000000000000000000000000000000000001
0000000000000000000000000000000000000001
0000000000000000000000000000000000000001
0000000000000000000000000000000000000001
0000000000000000000000000000000000000001
0000000000000000000000000000000000000001
0000000000000000000000000000000000000001
0000000000000000000000000000000000000001
0000000000000000000000000000000000000001
0000000000000000000000000000000000000001
0000000000000000000000000000000000000001
0000000000000000000000000000000000000001
0000000000000000000000000000000000000001
0000000000000000000000000000000000000001
0000000000000000000000000000000000000001
0000000000000000000000000000000000000001
0000000000000000000000000000000000000001
0000000000000000000000000000000000000001
0000000000000000000000000000000000000001
0000000000000000000000000000000000000001
0000000000000000000000000000000000000001
0000000000000000000000000000000000000001
0000000000000000000000000000000000000001
0000000000000000000000000000000000000001
0000000000000000000000000000000000000001
0000000000000000000000000000000000000001
0000000000000000000000000000000000000001
0000000000000000000000000000000000000001
0000000000000000000000000000000000000001
0000000000000000000000000000000000000001
0000000000000000000000000000000000000001
0000000000000000000000000000000000000001
0000000000000000000000000000000000000001
0000000000000000000000000000000000000001
0000000000000000000000000000000000000001
0000000000000000000000000000000000000001
0000000000000000000000000000000000000001
0000000000000000000000000000000000000001
0000000000000000000000000000000000000001
0000000000000000000000000000000000000001
0000000000000000000000000000000000000001
0000000000000000000000000000000000000001
0000000000000000000000000000000000000001
0000000000000000000000000000000000000001
0000000000000000000000000000000000000001
0000000000000000000000000000000000000001
0000000000000000000000000000000000000001
0000000000000000000000000000000000000001
0000000000000000000000000000000000000001
0000000000000000000000000000000000000001
0000000000000000000000000000000000000001
0000000000000000000000000000000000000001
0000000000000000000000000000000000000001
0000000000000000000000000000000000000001
0000000000000000000000000000000000000001
0000000000000000000000000000000000000001
0000000000000000000000000000000000000001
0000000000000000000000000000000000000001
0000000000000000000000000000000000000001
0000000000000000000000000000000000000001
0000000000000000000000000000000000000001
0000000000000000000000000000000000000001
0000000000000000000000000000000000000001
0000000000000000000000000000000000000001
0000000000000000000000000000000000000001
0000000000000000000000000000000000000001
0000000000000000000000000000000000000001
0000000000000000000000000000000000000001
0000000000000000000000000000000000000001
0000000000000000000000000000000000000001
0000000000000000000000000000000000000001
0000000000000000000000000000000000000001
0000000000000000000000000000000000000001
0000000000000000000000000000000000000001
0000000000000000000000000000000000000001
0000000000000000000000000000000000000001
0000000000000000000000000000000000000001
0000000000000000000000000000000000000001
0000000000000000000000000000000000000001
0000000000000000000000000000000000000001
0000000000000000000000000000000000000001
0000000000000000000000000000000000000001
0000000000000000000000000000000000000001
0000000000000000000000000000000000000001
0000000000000000000000000000000000000001
0000000000000000000000000000000000000001
0000000000000000000000000000000000000001
0000000000000000000000000000000000000001
0000000000000000000000000000000000000001
0000000000000000000000000000000000000001
0000000000000000000000000000000000000001
0000000000000000000000000000000000000001
0000000000000000000000000000000000000001
0000000000000000000000000000000000000001
0000000000000000000000000000000000000001
0000000000000000000000000000000000000001
0000000000000000000000000000000000000001
0000000000000000000000000000000000000001
0000000000000000000000000000000000000001
0000000000000000000000000000000000000001
0000000000000000000000000000000000000001
0000000000000000000000000000000000000001
0000000000000000000000000000000000000001
0000000000000000000000000000000000000001
0000000000000000000000000000000000000001
0000000000000000000000000000000000000001
0000000000000000000000000000000000000001
0000000000000000000000000000000000000001
0000000000000000000000000000000000000001
0000000000000000000000000000000000000001
0000000000000000000000000000000000000001
0000000000000000000000000000000000000001
0000000000000000000000000000000000000001
0000000000000000000000000000000000000001
0000000000000000000000000000000000000001
0000000000000000000000000000000000000001
0000000000000000000000000000000000000001
0000000000000000000000000000000000000001
0000000000000000000000000000000000000001
0000000000000000000000000000000000000001
0000000000000000000000000000000000000001
0000000000000000000000000000000000000001
0000000000000000000000000000000000000001
0000000000000000000000000000000000000001
0000000000000000000000000000000000000001
0000000000000000000000000000000000000001
0000000000000000000000000000000000000001
0000000000000000000000000000000000000001
0000000000000000000000000000000000000001
0000000000000000000000000000000000000001
0000000000000000000000000000000000000001
0000000000000000000000000000000000000001
0000000000000000000000000000000000000001
0000000000000000000000000000000000000001
0000000000000000000000000000000000000001
0000000000000000000000000000000000000001
0000000000000000000000000000000000000001
0000000000000000000000000000000000000001
0000000000000000000000000000000000000001
0000000000000000000000000000000000000001
0000000000000000000000000000000000000001
0000000000000000000000000000000000000001
0000000000000000000000000000000000000001
0000000000000000000000000000000000000001
0000000000000000000000000000000000000001
0000000000000000000000000000000000000001
0000000000000000000000000000000000000001
0000000000000000000000000000000000000001
0000000000000000000000000000000000000001
0000000000000000000000000000000000000001
0000000000000000000000000000000000000001
0000000000000000000000000000000000000001
0000000000000000000000000000000000000001
0000000000000000000000000000000000000001
0000000000000000000000000000000000000001
0000000000000000000000000000000000000001
0000000000000000000000000000000000000001
0000000000000000000000000000000000000001
0000000000000000000000000000000000000001
0000000000000000000000000000000000000001
0000000000000000000000000000000000000001
0000000000000000000000000000000000000001
0000000000000000000000000000000000000001
0000000000000000000000000000000000000001
0000000000000000000000000000000000000001
0000000000000000000000000000000000000001
0000000000000000000000000000000000000001
0000000000000000000000000000000000000001
0000000000000000000000000000000000000001
0000000000000000000000000000000000000001
0000000000000000000000000000000000000001
0000000000000000000000000000000000000001
0000000000000000000000000000000000000001
0000000000000000000000000000000000000001
0000000000000000000000000000000000000001
0000000000000000000000000000000000000001
0000000000000000000000000000000000000001
0000000000000000000000000000000000000001
0000000000000000000000000000000000000001
0000000000000000000000000000000000000001
0000000000000000000000000000000000000001
0000000000000000000000000000000000000001
0000000000000000000000000000000000000001
0000000000000000000000000000000000000001
0000000000000000000000000000000000000001
0000000000000000000000000000000000000001
0000000000000000000000000000000000000001
0000000000000000000000000000000000000001
0000000000000000000000000000000000000001
0000000000000000000000000000000000000001
0000000000000000000000000000000000000001
0000000000000000000000000000000000000001
0000000000000000000000000000000000000001
0000000000000000000000000000000000000001
0000000000000000000000000000000000000001
0000000000000000000000000000000000000001
0000000000000000000000000000000000000001
0000000000000000000000000000000000000001
0000000000000000000000000000000000000001
0000000000000000000000000000000000000001
0000000000000000000000000000000000000001
0000000000000000000000000000000000000001
0000000000000000000000000000000000000001
0000000000000000000000000000000000000001
0000000000000000000000000000000000000001
0000000000000000000000000000000000000001
0000000000000000000000000000000000000001
0000000000000000000000000000000000000001
0000000000000000000000000000000000000001
0000000000000000000000000000000000000001
0000000000000000000000000000000000000001
0000000000000000000000000000000000000001
0000000000000000000000000000000000000001
0000000000000000000000000000000000000001
0000000000000000000000000000000000000001
0000000000000000000000000000000000000001
0000000000000000000000000000000000000001
0000000000000000000000000000000000000001
0000000000000000000000000000000000000001
0000000000000000000000000000000000000001
0000000000000000000000000000000000000001
0000000000000000000000000000000000000001
0000000000000000000000000000000000000001
0000000000000000000000000000000000000001
0000000000000000000000000000000000000001
0000000000000000000000000000000000000001
0000000000000000000000000000000000000001
0000000000000000000000000000000000000001
0000000000000000000000000000000000000001
0000000000000000000000000000000000000001
0000000000000000000000000000000000000001
0000000000000000000000000000000000000001
0000000000000000000000000000000000000001
0000000000000000000000000000000000000001
0000000000000000000000000000000000000001
0000000000000000000000000000000000000001
0000000000000000000000000000000000000001
0000000000000000000000000000000000000001
0000000000000000000000000000000000000001
0000000000000000000000000000000000000001
0000000000000000000000000000000000000001
0000000000000000000000000000000000000001
0000000000000000000000000000000000000001
0000000000000000000000000000000000000001
0000000000000000000000000000000000000001
0000000000000000000000000000000000000001
0000000000000000000000000000000000000001
0000000000000000000000000000000000000001
0000000000000000000000000000000000000001
0000000000000000000000000000000000000001
0000000000000000000000000000000000000001
0000000000000000000000000000000000000001
0000000000000000000000000000000000000001
0000000000000000000000000000000000000001
0000000000000000000000000000000000000001
0000000000000000000000000000000000000001
0000000000000000000000000000000000000001
0000000000000000000000000000000000000001
0000000000000000000000000000000000000001
0000000000000000000000000000000000000001
0000000000000000000000000000000000000001
0000000000000000000000000000000000000001
0000000000000000000000000000000000000001
0000000000000000000000000000000000000001
0000000000000000000000000000000000000001
0000000000000000000000000000000000000001
0000000000000000000000000000000000000001
0000000000000000000000000000000000000001
0000000000000000000000000000000000000001
0000000000000000000000000000000000000001
0000000000000000000000000000000000000001
0000000000000000000000000000000000000001
0000000000000000000000000000000000000001
0000000000000000000000000000000000000001
0000000000000000000000000000000000000001
0000000000000000000000000000000000000001
0000000000000000000000000000000000000001
0000000000000000000000000000000000000001
0000000000000000000000000000000000000001
0000000000000000000000000000000000000001
0000000000000000000000000000000000000001
0000000000000000000000000000000000000001
0000000000000000000000000000000000000001
0000000000000000000000000000000000000001
0000000000000000000000000000000000000001
0000000000000000000000000000000000000001
0000000000000000000000000000000000000001
0000000000000000000000000000000000000001
0000000000000000000000000000000000000001
0000000000000000000000000000000000000001
0000000000000000000000000000000000000001
0000000000000000000000000000000000000001
0000000000000000000000000000000000000001
0000000000000000000000000000000000000001
0000000000000000000000000000000000000001
0000000000000000000000000000000000000001
0000000000000000000000000000000000000001
0000000000000000000000000000000000000001
0000000000000000000000000000000000000001
0000000000000000000000000000000000000001
0000000000000000000000000000000000000001
0000000000000000000000000000000000000001
0000000000000000000000000000000000000001
0000000000000000000000000000000000000001
0000000000000000000000000000000000000001
0000000000000000000000000000000000000001
0000000000000000000000000000000000000001
0000000000000000000000000000000000000001
0000000000000000000000000000000000000001
0000000000000000000000000000000000000001
0000000000000000000000000000000000000001
0000000000000000000000000000000000000001
0000000000000000000000000000000000000001
0000000000000000000000000000000000000001
0000000000000000000000000000000000000001
0000000000000000000000000000000000000001
0000000000000000000000000000000000000001
0000000000000000000000000000000000000001
0000000000000000000000000000000000000001
0000000000000000000000000000000000000001
0000000000000000000000000000000000000001
0000000000000000000000000000000000000001
0000000000000000000000000000000000000001
0000000000000000000000000000000000000001
0000000000000000000000000000000000000001
0000000000000000000000000000000000000001
0000000000000000000000000000000000000001
0000000000000000000000000000000000000001
0000000000000000000000000000000000000001
0000000000000000000000000000000000000001
0000000000000000000000000000000000000001
0000000000000000000000000000000000000001
0000000000000000000000000000000000000001
0000000000000000000000000000000000000001
0000000000000000000000000000000000000001
0000000000000000000000000000000000000001
0000000000000000000000000000000000000001
0000000000000000000000000000000000000001
0000000000000000000000000000000000000001
0000000000000000000000000000000000000001
0000000000000000000000000000000000000001
0000000000000000000000000000000000000001
0000000000000000000000000000000000000001
0000000000000000000000000000000000000001
0000000000000000000000000000000000000001
0000000000000000000000000000000000000001
0000000000000000000000000000000000000001
0000000000000000000000000000000000000001
0000000000000000000000000000000000000001
0000000000000000000000000000000000000001
0000000000000000000000000000000000000001
0000000000000000000000000000000000000001
0000000000000000000000000000000000000001
0000000000000000000000000000000000000001
0000000000000000000000000000000000000001
0000000000000000000000000000000000000001
0000000000000000000000000000000000000001
0000000000000000000000000000000000000001
0000000000000000000000000000000000000001
0000000000000000000000000000000000000001
0000000000000000000000000000000000000001
0000000000000000000000000000000000000001
0000000000000000000000000000000000000001
0000000000000000000000000000000000000001
0000000000000000000000000000000000000001
0000000000000000000000000000000000000001
0000000000000000000000000000000000000001
0000000000000000000000000000000000000001
0000000000000000000000000000000000000001
0000000000000000000000000000000000000001
0000000000000000000000000000000000000001
0000000000000000000000000000000000000001
0000000000000000000000000000000000000001
0000000000000000000000000000000000000001
0000000000000000000000000000000000000001
0000000000000000000000000000000000000001
0000000000000000000000000000000000000001
0000000000000000000000000000000000000001
0000000000000000000000000000000000000001
0000000000000000000000000000000000000001
0000000000000000000000000000000000000001
0000000000000000000000000000000000000001
0000000000000000000000000000000000000001
0000000000000000000000000000000000000001
0000000000000000000000000000000000000001
0000000000000000000000000000000000000001
0000000000000000000000000000000000000001
0000000000000000000000000000000000000001
0000000000000000000000000000000000000001
0000000000000000000000000000000000000001
0000000000000000000000000000000000000001
0000000000000000000000000000000000000001
0000000000000000000000000000000000000001
0000000000000000000000000000000000000001
0000000000000000000000000000000000000001
0000000000000000000000000000000000000001
0000000000000000000000000000000000000001
0000000000000000000000000000000000000001
0000000000000000000000000000000000000001
0000000000000000000000000000000000000001
0000000000000000000000000000000000000001
0000000000000000000000000000000000000001
0000000000000000000000000000000000000001
0000000000000000000000000000000000000001
0000000000000000000000000000000000000001
0000000000000000000000000000000000000001
0000000000000000000000000000000000000001
0000000000000000000000000000000000000001
0000000000000000000000000000000000000001
0000000000000000000000000000000000000001
0000000000000000000000000000000000000001
0000000000000000000000000000000000000001
0000000000000000000000000000000000000001
0000000000000000000000000000000000000001
0000000000000000000000000000000000000001
0000000000000000000000000000000000000001
0000000000000000000000000000000000000001
0000000000000000000000000000000000000001
0000000000000000000000000000000000000001
0000000000000000000000000000000000000001
0000000000000000000000000000000000000001
0000000000000000000000000000000000000001
0000000000000000000000000000000000000001
0000000000000000000000000000000000000001
0000000000000000000000000000000000000001
0000000000000000000000000000000000000001
0000000000000000000000000000000000000001
0000000000000000000000000000000000000001
0000000000000000000000000000000000000001
0000000000000000000000000000000000000001
0000000000000000000000000000000000000001
0000000000000000000000000000000000000001
0000000000000000000000000000000000000001
0000000000000000000000000000000000000001
0000000000000000000000000000000000000001
0000000000000000000000000000000000000001
0000000000000000000000000000000000000001
0000000000000000000000000000000000000001
0000000000000000000000000000000000000001
0000000000000000000000000000000000000001
0000000000000000000000000000000000000001
0000000000000000000000000000000000000001
0000000000000000000000000000000000000001
0000000000000000000000000000000000000001
0000000000000000000000000000000000000001
0000000000000000000000000000000000000001
0000000000000000000000000000000000000001
0000000000000000000000000000000000000001
0000000000000000000000000000000000000001
0000000000000000000000000000000000000001
0000000000000000000000000000000000000001
0000000000000000000000000000000000000001
0000000000000000000000000000000000000001
0000000000000000000000000000000000000001
0000000000000000000000000000000000000001
0000000000000000000000000000000000000001
0000000000000000000000000000000000000001
0000000000000000000000000000000000000001
0000000000000000000000000000000000000001
0000000000000000000000000000000000000001
0000000000000000000000000000000000000001
0000000000000000000000000000000000000001
0000000000000000000000000000000000000001
0000000000000000000000000000000000000001
0000000000000000000000000000000000000001
0000000000000000000000000000000000000001
0000000000000000000000000000000000000001
0000000000000000000000000000000000000001
0000000000000000000000000000000000000001
0000000000000000000000000000000000000001
0000000000000000000000000000000000000001
0000000000000000000000000000000000000001
0000000000000000000000000000000000000001
0000000000000000000000000000000000000001
0000000000000000000000000000000000000001
